6
0
0
0
0
0
0
0
0
0
0
5
18
0
0
5
0
8
0
2
0
0
0
2
0
0
0
0
0
0
0
0
0
32
0
2
0
18
8
0
0
8
0
0
18
0
32
0
0
0
0
0
0
0
8
2
0
16
0
1
0
32
0
4
0
16
0
0
0
0
4
0
8
0
0
8
16
0
16
0
2
0
16
0
0
4
0
1
0
0
4
1
0
0
32
8
8
32
0
2
0
8
0
0
0
0
0
4
4
0
0
0
16
2
0
0
0
0
2
0
0
0
32
1
5
0
0
0
1
0
0
32
0
9
16
0
0
0
0
0
0
0
5
0
0
8
1
16
0
4
0
0
0
4
16
0
0
16
8
1
0
18
0
2
0
0
0
41
32
0
16
0
0
0
16
0
0
32
2
0
0
8
0
0
2
32
0
2
16
4
0
0
16
0
0
0
2
0
4
0
1
16
0
0
16
0
0
8
0
8
16
32
0
32
0
0
0
32
0
0
4
0
0
33
8
0
0
0
1
2
16
0
