17
0
1
0
0
4
49160
8192
0
0
8852
5220
64
64
384
0
0
8
768
1024
33584
0
0
16
0
256
2048
1032
128
0
256
1024
0
16
0
4096
4
0
0
512
0
0
0
0
4096
0
128
8
32
0
32
8704
0
24576
0
2048
0
0
128
0
16384
0
16
0
1924
516
1032
0
112
2048
16384
4
32
0
16
2048
2
1024
4096
16
0
8192
16
1024
0
65536
0
0
4
0
6144
4096
16384
2
0
2048
64
32
0
1328
2
4096
0
16
256
32768
4
1
4
4
1024
32
0
256
32
32768
660
16
0
0
32
256
1
1024
16
0
8
1
0
0
32
32768
256
64
8196
1024
24
4096
2048
0
16
512
16
4
0
0
4
8708
0
4096
0
32
128
0
512
32
16
16
512
32768
4096
512
0
1024
4
32768
0
68
16
64
0
0
8192
132
512
0
4
32768
8192
0
128
16384
16
32
32
0
32832
1024
0
0
8
1024
4
2048
64
32
2048
32
32
0
8
0
4160
32768
0
65536
32
128
128
32768
4
16
4128
16384
4096
16384
0
32768
4096
0
4
16384
1024
17476
4096
48
4096
64
8192
0
1024
32
0
0
8
128
260
4176
512
0
1024
32
32768
1024
260
1024
32
0
16
16
16384
256
256
512
4096
1024
0
1024
48
1024
8
0
16
34360
0
0
0
0
8192
4096
4
0
2048
64
4
65536
64
1152
1328
128
16384
2
8192
2048
256
256
96
6144
4
128
6144
32768
0
0
8
8
16384
16
65536
16
8192
16
256
0
4096
16384
8
0
16384
1
32768
4
0
32768
320
132
132
128
0
2048
128
16
49152
32
0
64
0
8192
16
33312
1444
0
16
4
8192
1280
344
8704
128
1024
0
0
8196
16
1024
656
16384
1024
2048
4
0
32768
8
0
0
1024
4096
8
65568
256
4
0
272
4
24656
32768
20548
32
2048
65536
32768
32768
4096
64
0
6144
512
33344
1028
512
128
0
1024
4096
32
32768
16
132
32768
32
0
16384
48
32768
6144
0
16
4128
1028
0
16
1024
1
68
0
2048
132
384
16384
65536
0
4
8224
16392
1152
64
0
8192
32768
8320
256
0
0
0
4
8484
58480
16384
32
64
4
16384
8
32832
4096
2048
2048
16896
4096
8
2048
2048
16384
0
528
32768
0
0
1024
16384
1
0
512
0
132
16
64
4
256
32768
4
512
128
8
8192
8192
1024
260
0
8192
24580
0
256
16384
256
32769
134
0
8192
8196
1024
4
32768
4100
0
256
16384
64
16384
4096
8192
2
32
16384
1024
0
4
0
16384
0
0
8192
2048
32768
16384
48
4
0
256
0
1056
8192
32768
0
576
16
0
512
0
1280
32
128
128
32768
1
0
528
512
2
4
0
1056
616
32
0
2
16384
16
32
0
512
25096
4096
8
0
4
0
4128
0
1024
0
1280
16384
2
16384
32768
8
4
0
4160
8
8192
4096
32768
16
132
4
0
512
4
0
134
132
4160
32
8708
0
16
0
1
640
0
0
0
1024
0
8
65536
4096
420
16
16384
8
0
4
80
49160
64
8192
1024
0
8
64
4
0
4096
0
132
4096
32768
8192
2048
16
4096
1024
4
288
2
512
16384
256
16
0
32768
16384
544
0
4096
0
16384
49160
4096
32
8496
528
4
272
0
1024
0
2048
4096
0
0
4096
32
512
65536
32768
0
260
32
33288
65536
528
2
2048
656
6144
0
0
4096
32768
0
1024
256
0
388
33392
64
33588
1024
32768
32
0
4164
512
0
32
1024
256
0
32
32
0
4
1544
16
0
16384
16
8
0
1188
6144
32768
1024
1284
16384
16
0
696
1024
32768
2048
64
8
32768
1152
1024
4
1024
32
32768
256
8192
32768
8192
16384
1024
128
4096
256
16
0
4
0
16
16
272
0
4
32800
256
0
32
32
0
1024
16
0
32768
8196
8192
8192
8192
16
4
2048
48
0
16384
0
0
4096
32
64
32
4
1
2048
8
1024
1024
16
0
32
0
8192
1024
32
0
32
0
1024
32
0
0
16
32832
2048
0
16384
49160
0
832
16
65568
4128
4
0
128
16384
1028
0
4
2048
4096
32
0
128
8
4096
16384
32
1056
16
16384
64
32
32768
1
0
16384
9248
0
0
4096
16384
1592
0
4
6144
32832
0
1028
128
128
0
0
256
0
0
64
1032
0
1056
64
8
0
0
16
0
0
65536
32768
4
528
528
1056
32768
0
0
32768
4096
4
768
454
512
512
512
256
0
0
1024
0
29760
8724
0
2
32768
256
0
0
0
32833
1032
1024
1024
1056
0
65536
512
64
32768
4
0
2048
