17
0
0
2
33028
16384
0
0
17408
450
128
8192
128
288
0
0
256
2336
3072
256
56
0
0
1064
0
2048
4096
256
0
0
32
0
8
0
8192
2
0
0
1024
0
0
0
0
8192
0
0
96
0
64
16392
0
49152
0
4096
0
0
256
32768
32
0
3338
2
260
0
128
4096
32768
2
64
8
4096
1
256
8192
8
0
16384
32
256
0
0
0
512
0
8192
8192
0
1
0
8192
16
0
104
1
8192
0
40
2048
65536
2
512
0
256
64
0
32
64
65536
264
40
0
0
128
2048
512
40
0
4
512
128
65536
0
16
16386
256
36
0
4096
0
32
8
8
2
0
0
1026
16394
8192
32768
64
0
0
1024
64
8
1056
24
65536
8192
8
0
4096
65536
4096
32
16
0
16384
1282
1024
0
2
65536
16384
0
1280
1024
64
64
0
65552
0
0
0
2
4
64
0
64
49282
0
256
0
128
65536
0
0
256
256
65536
40
8192
32768
8192
32768
2
0
8192
0
32768
64
130
8192
8
8192
16
16384
0
256
0
0
4
160
320
288
256
2
256
128
0
32
32768
32
32
8
8192
256
0
256
32
256
256
0
32
352
0
0
0
0
16384
8192
2
0
8192
128
2
0
16
256
104
256
32768
1
16384
8192
2048
32
192
12288
2
1280
12288
65536
0
0
33024
4
32768
64
8
16384
40
32
0
8192
32768
33024
0
32768
512
65536
2
0
65536
160
2048
1026
1024
0
0
4096
256
8
65664
32
16
0
16384
8
65536
2370
0
1024
2
16384
64
172
16392
1280
64
0
0
16386
256
1024
32768
0
8192
2
65536
256
0
0
256
8192
4
64
2048
2
8192
40
2
16520
130
64
8192
65536
8192
16
8192
8
65680
322
8
256
256
8192
64
65536
8
1282
65536
0
32768
40
65536
8192
0
8
322
0
32
256
512
0
0
4096
256
32768
0
0
2
16448
32768
256
16
0
16384
17408
32
0
0
2
16450
82096
32768
128
128
32768
4
65552
0
4096
4096
32776
8192
4
4096
4096
128
0
1024
65536
0
0
32768
256
65536
1024
0
1282
8
16
0
2048
0
8
0
8192
16384
16384
256
2048
0
16384
64
2048
32768
2048
66048
259
16384
16386
256
2
2
130
0
2048
32768
128
32768
16384
1
64
32768
256
0
2
0
32768
0
0
4096
65536
32768
32
16
2
0
2048
0
320
16384
65536
16
32
0
16
0
2304
64
256
256
65536
512
0
40
8
1
2
0
320
92
64
0
1
8
96
0
16
49416
8192
4
0
2
0
256
0
2304
32768
1
32768
260
256
16384
8192
65536
8
0
2
0
1024
2
0
1283
0
128
16386
0
256
8
0
512
1024
0
0
0
256
16386
8192
2048
32
4
0
2
160
32772
16
16384
0
0
4
0
2
0
0
0
8192
65536
16384
4096
8192
256
2
2112
1
16
2048
32
65536
65536
32768
80
0
8192
0
32768
32772
8192
64
16488
8
1026
2080
0
256
0
8192
8192
0
65536
8192
64
0
0
0
0
64
65556
64
8
1
4096
1024
12288
0
0
8192
0
256
2048
0
2306
65664
16
2114
2
65536
128
64
128
128
16
0
64
256
32
0
64
64
0
2
264
8
32768
1064
4
0
1346
12288
130
32768
128
32
0
1056
4096
128
4
320
2
256
64
65536
32
16384
65536
16384
32768
256
256
8192
64
0
2
8
40
0
65664
0
32
32
256
32
0
0
16384
16384
16384
8
2
4096
32
0
32768
0
0
8192
64
16
64
2
512
8192
4
256
8
0
0
16384
64
0
64
64
0
0
8
65680
8192
0
32768
65668
0
2216
8
64
8192
2
0
1024
32768
66
0
2
8192
0
64
1024
1280
256
8192
32768
64
320
32768
128
0
512
0
32768
16704
0
0
8192
264
2
65552
0
256
1024
0
32768
0
0
128
256
0
320
16
2370
4
0
0
32
0
0
0
0
2
8
8
64
0
0
0
65536
8192
2
3072
16
1024
1024
0
0
256
0
16512
16394
0
1
0
0
0
0
66192
256
256
256
64
0
16
65536
65536
2307
0
8192
