19
3
1024
0
8
1
1
32792
57505
65536
33152
512
0
512
0
10242
1
4096
33153
256
41061
64
16384
8
0
4224
65792
0
2048
160
1
65808
297
32768
131929
40960
32896
0
0
257
16
1
69888
512
2
49184
2561
16384
4096
32768
0
272
512
8192
0
1024
40960
16555
1
32768
0
8
256
1
2
16
32
160
8
2048
0
0
32832
128
8
256
1
2048
16384
8
2048
40962
2
64
648
8
8
0
514
69633
0
16
257
32770
0
16384
64
16384
72
280
65664
256
0
32776
102881
4675
32
1
51232
16416
272
0
164224
66
24
16384
1
256
8
8
512
0
1024
32
16
0
8
18
129
65664
41000
8192
256
2050
1
16
32832
0
256
256
32768
65536
0
16
0
257
32768
2
0
0
1
16384
16384
16
8192
256
2048
8194
4096
32768
64
0
128
8
0
192777
4096
2048
2048
8192
34
577
70241
256
65536
32776
1
1024
528
256
2048
1
32768
8192
0
2048
64
0
36866
136
0
1
0
256
32768
264
64
131072
66
16
32768
320
8192
0
0
32
1024
0
0
131072
512
0
66
64
65
129
1
513
4096
800
64
16
32768
65544
32
8192
0
16
256
16
16384
2048
2
2048
40
1
1024
8192
513
4096
8
8192
16384
4096
0
8
128
8
1
8
1
40
64
792
66
256
257
65792
8
65544
64
8256
2
40992
1
2048
8
4098
1
0
8
16
672
41026
65
16384
8
256
384
2048
33
128
65633
1
8192
16
1040
1
8
2
512
8192
64
0
256
1
32896
8196
640
0
136
12290
64
0
2
32
1
128
8192
0
8192
64
8192
16
0
16416
32
513
64
40960
8
8
0
0
16384
16384
0
8
1024
1
4096
40
32
256
8256
0
262144
64
18432
8
2
32776
257
2
32768
49345
8194
2888
8192
129
256
0
128
16392
16400
32834
262144
8194
16384
0
8192
1
65929
457
40
1
8192
32768
40960
0
512
513
16
2
32
131072
2
2
16
512
0
263168
256
2
256
0
4096
20512
529
8192
4097
16
1
164408
45056
47106
32800
2048
32768
8192
0
32
0
188473
16384
0
2048
16384
0
64
8
8
1
32768
0
4096
128
18464
512
16
33168
32801
127234
4096
8192
160
2048
512
4096
16
8
4096
16384
8192
4096
8256
8194
1
1
8258
0
0
128
520
16384
8
2
8192
64
8258
40
18464
1
576
2
256
16384
256
33280
16416
128
256
16384
16386
8192
65536
0
2
32
0
32768
2
16400
0
1032
520
0
24584
64
8192
64
16384
1
1
16
257
512
256
1
2
680
4096
321
72
1
45056
131072
0
0
128
64
512
0
256
256
57449
16384
1024
8257
4
896
513
0
513
2
8
36864
37352
705
4097
32768
64
272
304
0
256
4096
32776
65
2048
401
2
256
32776
64
4160
65936
1
0
4096
32768
8
40
8194
2
2048
32768
8192
4096
32
16384
1
65600
1
1
4
1024
0
66
4097
16384
960
32768
4
8257
1
8192
64
8256
16
256
32
40
1
64
41024
128
16392
0
41024
16
1
953
32769
2048
4096
8192
4096
0
32801
128
2
520
264
262144
1
8
9
32768
2
131360
256
8
12352
0
0
8192
256
8192
16897
4096
8
0
0
262144
45056
1024
65
1040
4098
5
4096
2
1
0
2050
8
272
32
0
16418
4
32801
144
64
512
40
32833
520
0
1024
16384
8
1
1024
66057
152520
67
131088
0
1
3
4096
128
8
65
2
160
16384
136
40960
3
32834
41024
66
32770
64
33
65921
32770
64
1
4096
262144
262144
520
1
512
32
256
512
32913
128
8
0
2
16384
32768
4160
128
49152
256
272
64
128
1
64
32801
8
65
131328
16
2050
544
256
640
512
8192
128
156200
16384
513
6723
0
8
65536
8192
16
512
64
1024
131328
2049
33
32768
8192
139265
512
585
128
1
0
40
65
65536
64
47106
32
65536
262144
1064
66
16
34
32
8256
16384
256
513
0
2048
32896
8192
64
4096
32768
8192
0
32832
2
264
513
18
577
8
2
8192
32928
513
0
2048
65536
264
0
57344
65792
16424
32832
0
4233
4096
256
0
8
512
2114
32873
512
4097
32768
512
32
65536
4097
64
8
520
262144
4096
257
32
16
16384
2048
1
8192
32
41352
696
16
33
32
2048
2048
2
1
4096
36864
128
15104
131072
3
0
8
571
32768
1024
2048
64
16384
0
1
792
16384
40960
8192
1
64
32800
0
345
32
2
2048
64
0
8
32
2048
256
16
64
131072
33603
2
262152
8256
32776
256
2049
12290
1
0
272
1
8194
1
8
1
2689
65
65536
64
4
4675
256
0
16
256
0
2
262144
2048
272
793
8
8
36930
2
128
8194
32
32768
513
16400
64
65536
0
2
8192
1
1
448
106
41120
32912
512
12354
32
0
32
1
1
0
65536
64
66
16
0
1
1
1024
8256
8
640
66
0
128
8
16
8256
1
521
0
2048
4096
262152
2
32808
256
2
512
4096
32776
2
24
2048
262144
8
0
65536
2
42
40992
8192
32768
520
384
32768
1024
8192
272
256
1
4929
8
16384
262144
49152
0
12288
41024
8
8192
280
4096
32768
32
69888
8
32
0
2
32
64
72
4376
36866
66
192
256
16400
104
2
65601
16384
296
16400
64
2
272
18
257
33824
1
8192
32
263168
192
72
64
8
262144
264
32768
65536
40993
0
8
0
139417
176
4096
221977
65544
8
40960
8192
8
64
640
32776
520
0
131072
32768
4096
0
896
8192
2816
16
0
32768
128
1
33312
65536
256
0
0
8
0
257
2
257
8
1
1
8258
32769
280
2
32768
65936
64
256
0
32768
2
64
32768
32
2
2
139561
65
16384
8
256
40
32768
512
1
8192
32776
4096
64
0
33288
537
0
4608
66
32800
4096
8
16384
8192
65600
256
2816
32
2
64
65536
96
256
1024
256
273
1
272
512
1
513
32768
64
164360
1024
0
0
16384
131072
131072
0
0
0
32896
40960
0
2
264
16
512
256
512
514
16384
64
131360
256
8
2
0
0
262144
400
40
8192
8192
513
128
0
4162
1
1024
53824
12354
65
64
45088
32768
32768
256
256
256
512
8192
512
8192
0
32824
0
64
20480
1024
0
2048
384
16384
8256
912
256
0
41120
4096
4096
49176
512
104
4
4176
256
2
40960
32808
66
1
32
65536
0
1
262144
65536
32833
2
1032
4096
16
8192
16
16
0
32
4160
2
8
2
180224
8
384
64
8
4096
128
2
8192
8
1
192
1032
4096
0
65601
16
16
0
64
2
320
64
164393
2048
1
64
136
1
5
288
8
4096
65536
2
1024
4096
2
16400
128
8
262144
40
36866
16
1
40960
512
32
0
1
8194
70089
32
16386
32769
256
0
0
2
0
16384
8
139521
0
272
273
57352
262144
8
8192
513
8
8
8256
1
69968
16384
8
8192
513
4352
264
384
4096
262144
16384
16384
32768
64
17088
32768
33681
1
32768
2048
256
8
2
0
72
0
16
0
1160
32800
64
45056
32896
256
61448
0
280
64
8
4096
32832
64
8
262144
32768
71745
0
8
32
8256
8
64
129
32
1024
