19
0
2
0
0
4
131593
32
0
32
0
0
1056
74116
256
512
33824
16384
2048
1024
0
21504
8192
37520
0
0
132112
0
16384
32
2048
8200
1024
0
32768
8192
0
16
0
65536
4
0
512
0
4096
0
2048
0
0
65536
131072
1024
131072
144
1024
0
262272
0
0
33
4096
0
10240
0
131072
1024
0
256
16384
16
0
0
29700
36900
1024
8200
0
176
2048
1028
1028
128
0
0
0
16
0
2048
64
73728
65536
16
2048
260
0
32
16
8192
16384
0
131072
0
0
4
0
0
65536
16
1024
0
32768
0
262144
0
1024
128
8
0
41108
1024
65536
57348
16
16384
512
4
2
4
4
8192
128
4128
0
1
0
1568
128
4
5140
16
0
0
128
16384
2
8192
16
0
8
2
0
0
128
0
16384
1024
4
36
8192
24
65536
2048
0
131072
4096
16
4
2048
2048
1028
0
65536
4132
0
0
65536
131072
32768
0
32
512
32
1024
65536
4096
16512
16
1040
16400
16512
512
65536
4096
2048
8192
4
512
1024
0
8
131088
1024
262144
131584
0
2049
1028
4096
0
4
512
2048
32
65536
1
1024
128
262144
0
1536
8192
0
0
131072
8192
1028
34816
1024
128
10240
128
131072
0
1284
8
2048
65792
0
512
0
0
131072
1024
0
128
1024
1024
512
4
16
65664
1
65536
1
2048
512
65536
0
4
1
8192
8229
65536
144
65536
1024
32
0
8192
128
0
2048
131072
128
1024
16516
65840
2048
4096
262144
16384
8192
128
0
8192
17412
8192
128
2049
2048
32
16400
0
16
2049
32768
32768
4096
65536
4
131072
16
8192
2048
25732
16
8192
8
0
131088
13980
0
0
2048
0
0
32
0
1024
4
0
32768
32
4
131072
1024
9216
41104
1024
1
64
32
32768
0
512
0
131072
32768
384
67584
1284
1024
0
67584
0
512
0
0
2048
8
131072
32
1
16
131072
16
32
1024
16
32768
0
65536
1
8
0
1
0
2
512
4
0
512
33024
1028
1024
32
1024
2048
1024
1024
16
513
16
0
1024
0
32
16
4736
8192
0
1024
128
262144
4
36
1
40960
33080
4128
1024
131072
0
131072
36
16
8192
4
5120
1
8192
1
8192
32
4
0
0
512
8
2048
0
8192
65536
8
131200
1024
16384
32768
65536
128
0
0
32784
4
131072
49
512
65797
4
128
16384
65536
131072
512
512
73728
1024
131584
65536
4096
5664
8196
4096
1024
0
8192
65536
1
512
16
1028
512
1152
98304
1
16
16
512
98304
131072
16
65664
8196
2048
16384
8196
0
0
131072
8192
2
1284
0
34816
1024
131072
4
2048
4
32928
9
9216
1024
0
32
512
1056
32768
0
0
0
4
16548
10161
1
128
0
0
4
512
4
1
131072
1536
0
2048
73728
2048
10240
4097
65536
8
2049
10240
1
0
1024
512
262144
262144
8192
16
2049
2
0
5120
512
0
1028
16
1024
4
16384
512
4
16
4096
1024
8
16
32
32
8192
16388
0
36
131072
0
16384
2048
1
16384
32768
1024
8192
65536
132
32
36
8192
4
0
512
65540
16384
0
8
16384
1
32
1
4
16
36
64
128
1
8192
0
0
1028
2048
128
1
2048
0
32
2048
512
1
0
0
4
0
16384
0
8320
32
512
0
0
5152
16
0
4096
32
2048
24576
262144
1024
4096
16384
1024
512
2
1024
4112
4096
64
4
2048
8320
5256
128
2048
64
1
1024
48
144
0
4096
4137
0
262144
65536
131072
4
0
4
0
73728
65664
0
8192
0
24576
2049
1088
0
1
32805
512
8
4
262144
8
32
4
65536
512
16
1024
4
0
5120
4
0
1028
1024
1024
65792
128
4132
2048
16
0
2048
1024
2048
0
0
2048
8192
8192
131080
131072
65536
17556
131088
1
131080
0
4
304
521
1024
0
65536
8192
0
8
256
4
0
65536
0
1024
65536
512
32
2048
65536
8192
4
16512
64
4096
1
16384
16
32
33792
512
1
4224
2048
65536
0
2049
521
65536
262272
32944
0
16
1028
49204
131072
0
8192
0
32768
65536
128
128
0
0
256
65536
256
1024
131072
512
2048
16388
131072
4616
16384
0
1088
514
1024
8200
2048
0
131072
256
65536
512
0
16
8192
16384
4
0
17408
4772
8192
284308
8192
512
128
65792
66816
4096
0
128
8192
32768
0
262144
128
262144
0
4
12296
1024
16
0
1
1040
4096
0
9348
67584
512
8192
32
1
16
0
1180
65536
1
512
2048
256
131072
512
9216
8192
4
8192
128
512
32768
32
512
4096
32800
1
8192
1024
65536
16384
16
262144
67584
16384
16
0
16
32768
4
0
4
640
16384
2048
0
16
16
0
0
0
8192
1
2048
512
36
131072
32
32
16
131072
16
16
2048
0
1
0
0
0
65536
128
1024
128
4
2
1024
98304
131072
1
8192
8192
16
1024
262144
0
32
8192
128
0
128
0
8192
0
0
131072
0
16
32768
32768
131584
1
521
0
53504
16
131200
65664
1284
0
1024
4
16384
8196
2048
32
2
16384
128
4096
0
1024
8
65536
1
128
8320
48
1
32
128
512
2
2048
1
8352
2048
0
65536
1
1
13448
262144
4
65536
1536
0
4112
1024
1024
1024
2048
0
32768
0
0
32
4
131072
4096
0
8320
1024
0
8
0
0
16
0
0
0
0
131072
512
1156
16
4112
8320
512
2048
2048
512
0
65536
4
20480
17668
4096
4096
16
1024
32768
0
131072
8192
0
73761
8192
4148
0
64
512
32784
0
0
0
1570
8200
8192
8192
8320
0
4096
65536
256
512
4
0
16
65536
