7
0
0
0
0
0
0
0
0
0
0
0
0
18
0
0
36
0
16
8
0
2
0
0
0
0
2
0
0
0
0
0
0
0
0
0
0
0
1
0
2
0
18
0
8
0
0
8
0
0
18
0
1
0
0
0
0
0
0
0
0
0
8
2
0
32
16
0
32
64
0
1
0
4
1
0
0
0
0
0
36
0
0
0
4
0
8
0
0
8
16
0
16
0
0
2
0
16
0
0
0
64
4
0
32
0
0
0
4
32
32
0
1
0
0
0
2
8
8
1
0
2
0
8
0
0
0
0
0
4
0
4
0
0
0
16
2
0
0
0
0
98
32
0
2
98
0
0
0
0
1
0
102
0
0
0
16
32
0
0
1
0
16
40
3
16
0
0
0
0
0
0
0
36
0
0
0
8
32
16
64
4
0
0
0
0
4
16
0
1
0
16
0
32
8
8
32
64
18
0
0
2
0
0
0
0
41
1
0
16
0
1
0
0
0
0
0
3
2
0
64
0
8
0
0
0
1
0
0
2
16
4
0
0
0
0
0
0
1
0
0
0
0
4
0
32
16
0
0
16
0
0
0
8
0
8
16
0
1
0
0
0
0
0
0
0
2
0
1
0
0
4
0
0
0
0
33
8
0
32
0
0
32
32
0
3
0
16
0
0
0
