3
131072
0
8
1
1
152
94369
32768
16768
512
512
33280
1024
3074
1
1024
16705
256
4325
64
8192
8
0
82945
32768
0
2048
0
33552
297
128
17241
128
65664
0
0
49408
16
16384
33792
512
2
8352
2561
8192
1024
128
1152
272
512
4096
1024
131072
4224
8251
65537
128
512
32
264
16384
2
16
32
16
8
2048
0
512
64
66048
32
256
1
2048
8192
8
2048
4226
8194
64
115200
16384
8
512
514
32769
0
528
16641
130
0
16
64
8192
72
16656
98304
256
512
136
33251
1603
32
16385
10400
8224
272
0
82304
66
16385
8192
16385
256
16384
147464
512
0
131072
32
16
8
8
513
257
33024
4264
4096
256
2050
1
16
64
0
256
256
128
32768
0
16
0
64
2
0
0
1
8192
8192
16
4096
256
2048
1026
1024
128
64
0
16384
16384
16416
30081
1024
2048
2048
4096
34
577
34401
256
32768
136
1
131072
512
256
2048
1
128
4096
0
2048
2
0
1154
65688
4
128
1
0
264
64
264
64
16384
66
16
128
320
4096
0
0
32
131072
0
0
16384
512
0
66
131072
65
16400
1
256
1024
800
64
16
128
49152
32
4096
0
16
256
16
8192
2048
2
2048
40
1
131072
4224
513
1024
8
5120
8192
1024
0
16384
65536
8
16384
64
1
40
64
17168
66
256
16640
32768
16392
49152
64
4160
2
4256
1
2048
8
1026
1
0
136
272
560
4290
65
8192
8
256
65808
2048
33
16
32865
1
4224
16
131088
1
8
2
512
4096
2
0
16
16384
65664
4100
66048
0
16392
1026
64
0
2
32
16385
16
4096
0
5120
64
4096
16
0
8224
32
513
64
4224
8
40
0
0
8192
8192
0
16384
131072
1
1
48
32
256
4160
0
262144
2
10240
8
2
136
257
2
128
73859
4226
19264
4096
16401
256
0
128
8200
8208
194
262144
1026
2
2049
0
4096
1
49409
65865
8
40
1
5120
128
8193
0
512
513
16
2
32
16384
2
2
16
512
0
393216
256
8194
256
0
1024
9248
529
4096
1025
16
1
17080
5248
7298
160
2048
128
4096
0
524288
0
28857
8192
1024
2048
8192
0
64
131072
8
1
128
0
1024
65536
10272
512
16
400
161
46467
1
2
16
2048
512
1024
16
8
1024
8192
4096
1024
4160
4098
1
1
4162
0
0
640
8192
8
2
1024
0
1090
16416
10272
1
576
2
256
8192
256
576
8224
256
256
8192
8192
4096
32768
0
2
32
0
128
2
8208
0
131080
16952
0
28672
40
4096
64
8192
16384
1
16
257
512
256
1
2
696
1
321
32
1
1153
16384
0
0
16
64
512
0
256
256
12537
8192
131072
20544
4
66304
513
0
513
2
8
1152
99816
577
1
128
64
272
304
256
256
1024
136
4096
2048
16657
2
256
128
2
1088
98576
1
0
1024
8192
128
136
40
680
1026
2
2048
128
4096
1024
32
8192
1
32832
1
65537
4
131072
0
66
1025
8192
66306
128
4
4163
1
4096
64
1088
272
256
32
40
1
64
4288
82192
8200
0
1088
16
1
82872
129
2048
1
4096
1
0
161
128
2
1
536
16640
262144
1
8
16384
136
2
49440
256
8
1088
0
0
4096
256
4096
8705
1024
8
0
512
262144
5312
131072
65
131088
1026
5
1024
2
1
0
2050
8
272
32
0
8226
4
161
65552
64
512
32
193
536
0
131072
8192
8
1
131072
49665
91099
67
16400
0
16384
3
1024
128
8
65
2
48
8192
16392
128
3
194
5312
128
130
514
64
33
33041
130
32
1
1024
262144
262144
8192
24
512
32
256
512
145
131072
8
0
2
8192
64
1088
65536
8320
256
272
64
65808
1
64
161
8
65
16
2050
544
256
66048
512
4096
12416
128
29216
8192
513
3587
0
8
32768
4096
16
512
64
131112
16640
8192
33
128
4096
20481
512
16961
128
1
0
40
65
32768
64
15490
32768
262144
64
66
16
34
32
4160
8192
256
18
8
2048
128
65
2
1024
192
4096
0
192
2
264
513
18
577
40
2
4096
16544
513
0
2048
33280
264
0
16640
32768
8248
64
512
81937
1024
256
0
16520
512
2114
233
512
1
128
512
48
32768
1
64
8
520
262144
1024
257
524288
16
8192
2048
1
4096
32
5512
17072
16
33
32
2048
2048
2
16384
1153
66048
7936
5120
3
0
16384
16947
64
131072
2048
64
8192
512
1
17176
16384
4224
4096
1
64
160
0
17233
32
2
2048
2
0
8
524320
2048
272
8192
16
64
128
16384
963
1
278528
4160
136
256
2049
1026
1
0
272
1
4098
1
8
16385
2817
65
32768
8192
64
4
1603
256
0
16
256
0
2
257
2048
272
17169
8
8
1218
2
16384
1026
32
128
513
8208
64
32768
0
2
4096
1
1
65856
106
4272
144
512
5186
32
0
32
1
1
0
32768
66
16
0
1
1
131072
4160
8
512
66
0
65536
8
256
4160
1
16897
0
2048
1024
278528
2
524456
256
128
8194
512
1025
136
2
24
2048
262144
16384
0
20737
2
42
4256
4096
128
16896
65800
64
131072
16384
272
264
1
1857
48
8192
262144
8320
1024
1024
5312
16384
4096
16656
1024
192
524288
34048
16384
32
0
2
32
64
72
1304
1154
2
65600
256
8208
16744
2
32833
64
16672
8208
64
32
272
18
16641
131232
1
1024
524288
393216
65600
72
64
8
262144
264
128
32768
1
0
16416
0
86169
65552
1024
62233
49152
16392
4224
4096
16384
64
512
160
16936
0
16384
24736
1024
512
66304
4096
2816
16
0
128
65552
1
672
32768
256
0
0
8
0
257
2
16640
136
0
1
69793
4162
129
16656
2
1152
98576
34
256
262144
128
2
64
128
48
2
2
20769
65
8192
8
256
24744
128
512
1
4096
136
1024
64
0
148136
16913
256
1536
2
160
1
8
8192
4096
32832
256
2816
524288
2
64
32768
96
256
131072
256
273
1
48
784
512
1
513
128
2
17024
131072
0
0
8192
16384
16384
0
0
0
128
4224
0
2
264
16
512
256
512
66048
8192
64
49440
256
8
2
0
0
262144
24736
65808
24744
4096
4096
513
16
0
1090
1
131072
9792
1091
65
2
5281
128
1
256
256
256
512
4096
512
128
4096
512
524440
0
64
4224
131072
0
2048
65792
8192
4160
66320
256
0
20640
1024
1024
8344
512
168
0
1104
513
256
2
5248
524456
66
128
1
32
32768
0
1
262144
32768
193
2
131104
1024
16
4096
16
16
0
32
1088
2
16384
2
24704
16384
272
2
8
1024
65536
2
4096
16384
1
65600
131080
1024
0
32833
512
16
0
64
2
320
2
17056
2048
1
64
16392
2
5
288
8
1
32768
2
131072
1024
2
8208
65536
16384
262144
40
1154
16
16385
4224
512
32
1
1026
115009
32
8192
129
256
0
0
2
0
256
147464
32768
0
272
273
28800
262144
16392
1024
513
40
4160
1
33872
8192
16512
1024
513
1280
264
272
1024
262144
1024
8192
128
64
74338
833
1
128
2048
256
8
5120
0
72
0
16
0
196792
160
64
5248
128
64
28801
0
16656
64
8
1024
192
64
8
262144
66
34881
0
8
48
5184
16384
64
257
32