16
0
0
2
516
8200
32784
0
8
0
0
32
32
64
128
256
0
0
8
64
16384
0
0
0
0
0
2
0
0
0
0
8704
0
16
0
0
8
512
0
264
2
256
1024
128
2
128
2
64
0
8192
8
0
0
0
0
0
16384
0
2048
0
0
1
4176
2048
16384
32
64
32
2
0
0
16
0
4096
32768
2
512
64
0
0
1024
64
0
0
1024
0
1
16384
68
0
32
0
2
8192
0
16
0
32
16
64
256
0
256
0
128
0
128
32768
0
8192
0
2
0
128
0
16384
8
32784
0
1
0
2
4
16
0
16
0
256
256
1
0
8
4
16384
512
0
0
2
0
0
1026
16384
64
1
0
0
0
0
0
2056
1088
16
8
16
2
16
1024
0
0
4096
16384
0
8
4
16
0
0
8192
8
2
0
1024
8
4176
512
8192
32
4096
16
128
2
8
16512
1
0
0
4
64
8192
64
4096
0
16384
264
16
0
1
0
2
0
1
32
8
8
8192
0
128
1024
16
1
8192
64
0
26
0
8
2
64
1092
8
16
0
8192
64
512
0
0
2
4096
256
1
0
0
8
4
16
2
0
8
2
9280
1024
128
0
16384
1
0
32
1025
8
0
32768
64
8
512
0
0
64
0
0
0
0
128
8
512
2
0
8208
8
0
4
8200
0
0
0
18
9281
512
1024
512
4
1
16384
128
128
128
128
1024
0
8
0
512
0
64
0
32
0
32
0
8192
0
32
0
8192
9730
512
1
4
8192
2
0
2
256
0
32
512
1024
16
16
0
2048
0
512
0
0
128
16
2
0
32
16
32
1
64
0
1
0
8
8
1
0
64
2048
2
1
16
21
16
0
2048
12368
16
0
1024
256
0
2
1024
0
512
2048
0
4
0
0
2
0
8192
2
2056
1024
8194
8192
0
0
8
0
0
8
8194
32
4
0
2
1088
516
0
8192
0
0
2
0
0
1
0
0
2
48
2048
32
64
0
0
512
16384
0
512
516
64
64
2
32
0
16
0
16384
0
0
0
0
0
5
256
2048
128
8
16512
0
0
0
512
16
0
8
1024
50
2
0
1024
1
0
16
4096
0
16
256
64
512
64
4
10
128
1026
48
1024
64
0
8
16
4
8
2
4096
8192
0
8192
512
32
2
64
64
0
0
0
16
16
0
0
16
8192
8192
0
512
0
0
8194
16
1
16
2
0
0
0
64
0
0
8192
0
16
0
0
64
1025
2048
0
4
0
32
64
16
0
2
0
8
0
32768
32
256
0
512
16
16
0
1024
0
1
0
512
8216
0
0
256
2
1
0
8
8
0
512
0
0
0
16
1
4
64
0
17
2
64
64
16
0
0
0
0
2
32
1
32
32
0
0
9216
8258
0
0
0
0
1025
0
16
0
0
2
0
0
