20
3
4
0
8
1
1
16408
55392
4096
16576
256
0
256
0
514
1
1024
65729
128
30753
4096
8
0
5184
4224
2
256
96
1
4496
169
16384
528793
16384
20480
0
0
192
16
64
5248
256
2
540704
257
32768
1024
16384
0
4096
128
128
2048
0
18432
32875
1
16384
0
8
128
64
2
16
32
96
8
512
0
0
65536
4096
8
128
1
256
32768
8
256
18434
2
65536
524544
524288
8
0
258
16
272
193
16386
0
32768
4096
32768
4104
524432
4096
128
0
16392
283873
5377
32
65
49696
144
0
544896
65538
16392
32768
65
128
524288
0
256
0
4
32
16
0
8
18
1
4160
18472
2048
128
514
1
0
65536
0
128
128
16384
4096
0
16
0
129
65536
80
0
0
1
32768
32768
0
2048
128
512
0
1024
16384
69632
0
64
524288
0
543873
1024
512
256
2048
8
4353
70689
128
4096
16392
1
4
256
128
4
1
16384
2048
0
512
262144
0
1026
20552
8192
1
0
128
65536
136
1024
524288
65538
16
16384
1152
2048
0
0
32
4
0
0
524288
264
0
327682
4
65537
64
1
265
1024
168
4096
16
16384
528384
8
2048
144
16
128
16
32768
512
2
512
40
1
4
18432
257
1024
8
2048
32768
1024
0
8
4096
8
64
8
1
0
0
524688
66562
128
192
4224
524288
528384
40
71680
2
18464
1
512
8
1026
1
0
8
16
104
83970
524288
32768
8
128
192
512
33
64
69665
1
18432
16
20
1
8
2
32
2048
262144
0
128
64
20480
10240
256
0
72
16384
2
0
32768
32
65
64
2048
0
65536
2048
16
0
0
4097
32
257
4096
2050
8
8
0
32768
32768
0
524288
4
1
1024
40
1
128
71680
2
131072
262144
33282
8
2
16392
129
2
16384
806913
18434
526208
2048
65
256
0
16384
32776
32784
131072
2
65
32768
0
2048
1
528577
4233
8
1
2050
16384
525312
1024
256
257
16
2
32
524288
2
2
16
5248
0
131076
128
2
128
1024
525344
273
2048
1025
0
16
1
540728
19456
19458
16416
2
16384
524328
0
32
0
542841
1024
0
512
256
0
4096
0
8
1
16384
0
1024
4096
33312
1
16
208
16417
547970
1024
2048
96
512
256
1024
0
8
1024
32768
2048
1024
6144
2050
1
1
2050
0
0
4096
8
8
2
2
4096
65538
524320
33312
1
2
128
32768
128
65792
32800
64
128
524288
2
2048
4096
0
2
524288
0
1026
2
32784
0
12
524296
0
559104
0
2048
4096
32768
64
1
16
129
256
128
1
2
360
1024
4225
262152
1
17408
524288
0
0
64
0
256
0
128
128
546857
32768
4
6208
8192
384
1
0
257
2
8
17408
21736
4353
1025
16384
65536
144
176
128
1024
16392
1
2
257
2
128
16392
262144
66560
4240
1
0
1024
8
40
2
2
16384
2048
1024
32
557056
1
4096
1
0
1
8192
4
0
65538
1025
32768
266624
16384
8192
334849
1
2048
4096
67584
16
128
32
40
1
4096
88064
64
32776
0
67584
16
1
545016
16385
512
1024
2048
1024
0
16417
16384
2
8
524416
131072
1
8
524352
16384
2
524448
128
8
72704
0
2048
128
2048
524289
1024
8
0
0
131072
84992
4
4097
20
1026
8193
1024
2
1
0
2
8
144
591104
0
524290
8192
16417
80
65536
256
40
81921
8
0
4
32768
209
1
4
528641
808392
266243
524304
0
64
1
1024
64
1025
2
96
32768
72
16384
1
1025
4098
88066
2
16386
65536
33
4289
16386
262144
1024
131072
131072
8
65
264
32
128
264
2
16384
16384
0
400
32768
65536
66560
256
49152
128
144
65536
64
1
4096
8
2
524416
16
258
296
128
4352
256
16384
526624
2
265
263427
0
8
4096
2048
16
256
4096
4
524416
513
136
33
16384
2048
526337
256
524545
16384
1
0
40
5121
4096
65536
3330
32
4096
131072
69632
44
327682
16
2
32
71680
557056
128
257
0
512
16384
2048
262144
16384
81920
5121
2048
0
20480
2
136
257
18
4353
512
8
2
8
18528
257
0
512
4096
136
0
542720
4224
524328
65536
0
529472
1024
128
0
524296
264
65538
20521
256
1025
16384
256
32
2048
1025
4096
8
8
131072
1024
129
32
16
512
1
32
18634
524664
16
33
32
512
512
2
64
17408
4096
3968
524288
3
0
524288
524595
65536
4
512
65536
32768
0
1
524696
524288
18432
2048
1
65536
16416
0
528785
32
2
512
262144
0
8
32
1
512
128
32768
16
4096
16
2
131072
3072
16392
128
257
1
0
144
1
2050
1
8
65
833
1
4096
4096
8192
5377
128
0
65536
128
0
2
131072
512
144
524689
8
16384
7170
2
64
2
32
16384
257
32784
65536
4096
0
2
32800
1
1
4224
852010
18528
80
256
334850
32
0
32
1
1
0
4096
65536
0
16
0
1
1
67584
8
4352
65538
0
4096
8
16
67584
1
524545
512
1024
524288
2
16424
0
2
256
0
16392
2
24
512
131072
524288
0
4096
2
42
18466
2048
16384
524544
4224
65536
4
144
128
1
5505
8
32768
512
540672
0
1026
19456
524288
2048
524432
1024
81920
32
256
524296
32
0
2
32
32768
4104
1176
1026
262146
4096
128
32784
589864
2
69633
32768
524456
32784
0
4096
2
144
18
193
16420
1
2
32
131076
4096
4104
66560
8
131072
136
16384
4096
1
0
524296
2048
530457
112
1024
530905
528384
8
18432
2048
524288
4096
266627
16392
524296
16
524288
16384
1024
0
384
2048
896
0
0
64
1
16672
4096
128
0
8
0
129
2
192
524296
1
2081
67586
16385
524432
2
16384
4240
262144
128
0
16384
0
4096
16384
32
2
2
526561
69633
32768
8
128
40
16384
256
1
2048
16392
1024
69632
0
16424
524561
1280
262146
16416
128
8
2048
4096
128
896
32
2
65536
4096
4128
128
4
128
145
1
131072
8
256
1
257
16384
262144
540680
4
0
32768
0
32768
524288
524288
0
4
0
16384
2050
0
2
524288
65792
256
2048
256
258
32768
16417
524448
128
8
2
0
0
131072
32768
4240
2048
2048
2048
257
64
0
1026
1
2
66562
1025
262144
19488
16384
16384
128
128
128
256
2048
256
2048
0
16440
0
65536
18432
4
65536
512
4224
32768
72704
4496
128
0
18528
1024
1024
49176
256
262184
0
5136
128
2
18434
327682
1
32
4096
1
131072
4096
20481
2
12
4352
1024
16
2048
16
16
0
32
66560
2
524288
2
24
540672
192
262144
8
1024
4096
2
2048
8
1
4096
12
1024
0
69633
256
16
16384
0
16
69632
2
1152
262144
541024
512
1
2
72
1
8193
160
8
1024
4096
2
4
1024
2
32784
4096
524288
131072
4
1026
0
0
18432
256
32
0
1
2
529601
32
2
65538
128
0
0
2
0
32768
524296
526465
0
144
145
542720
131072
131072
8
2
4098
8
67584
1
5264
32768
524288
2
16
1152
136
192
1024
131072
0
32768
16384
65536
790784
16384
70025
1
16384
512
32
8
2
0
65544
0
0
20556
16416
69632
19456
16384
128
543744
0
524432
65536
8
1024
20480
4096
8
16384
5633
0
8
128
67584
524288
65536
65
8
