17
0
0
2
36
0
65602
4112
32
1088
0
0
128
384
0
0
8
512
256
0
0
1024
0
8
0
2048
2
0
0
0
0
2048
2
0
0
0
16
0
65568
0
512
0
0
64
32
8
0
450
2
256
0
16384
512
2
512
32768
8
0
65536
8
64
0
0
0
4096
0
65536
2048
32
32768
0
2048
16384
1112
32768
2048
0
8
128
0
2
1
0
4096
16
0
1024
16
2
320
8
0
0
16384
8
0
4
1
16384
0
0
16384
2048
0
12
0
512
0
0
256
8
0
2
65538
0
16
0
0
128
16
8
256
0
2048
256
0
512
0
512
0
65536
0
2
0
512
0
2048
64
16
16
0
16384
0
0
2
4
16
0
16
0
256
256
8192
0
64
64
8192
2048
128
2048
32
2
0
2048
0
32
64
16386
2048
8
2048
16384
0
0
4096
0
0
4
16392
64
1088
16
2
4096
16384
8
0
1024
1024
256
2048
0
0
4096
64
0
0
16
0
0
65536
64
2
0
16384
64
1176
0
32
32768
65536
2048
128
1024
16
2560
2
64
2560
8192
0
0
32
4
8
65536
8
1024
0
2048
32
32
0
32
1
0
2
0
8192
128
128
66
66
65536
0
512
0
8
8192
16
16384
16384
0
65536
8
8192
82
0
64
2
0
64
16396
0
64
64
0
65538
64
32
0
0
2
1024
256
0
0
64
4
16
128
2
2048
8
2
81928
16384
16
2048
2048
16384
2048
256
24576
66
2048
0
8192
8
64
2048
32
0
16384
2048
0
8
66
0
0
1
0
0
512
64
32
0
0
2
65552
32
64
0
65536
65600
0
0
0
2
65554
90120
32
16384
128
32
4
8192
2048
512
512
288
4
512
512
8192
0
64
8192
0
32
1
32
8
0
128
0
256
0
2048
0
65536
4096
128
0
65536
81954
32
8193
32834
65536
65538
4096
2
256
0
128
32
16384
16
16
32
64
2
0
32
16
0
512
8192
32
16
2
0
128
0
80
65536
8192
16384
8
0
16384
16
64
64
8192
1
8
256
32768
2
0
4112
16404
16
0
32768
32
8
16
0
16384
288
0
2
0
0
32
32768
32
4
256
0
2048
0
8
0
2
0
65536
2
32834
0
16384
65538
0
4096
65536
0
1
64
0
0
64
65538
128
4
0
2
16392
36
0
2048
0
0
4
0
2
0
0
0
2048
8192
0
512
2048
4096
2
144
32768
128
8
0
0
32
0
2048
0
32
36
16
66584
8
2
1152
0
16
0
2048
2048
8
0
16
0
0
16
24580
256
32768
512
64
2560
0
0
2048
32
4096
0
194
16384
146
2
8192
16
0
16384
16384
0
16
16384
1024
0
16
256
8
32
8
4
66
2560
16386
128
24576
8
0
64
16
4
64
2
4096
0
1024
65536
8192
65536
32
16
0
2
8
8
0
0
0
16
16
4096
0
0
16
65536
65536
8
2
8
0
32
0
0
65538
16
16384
16
2
1
2048
4
0
8
0
0
65536
0
16
0
0
8
24576
2048
0
32
8196
0
384
8
16
0
2
0
64
66
0
8192
2048
0
16
64
256
2048
32
16
16
32
16384
0
1
0
32
2
0
0
2048
256
2
16384
0
64
64
0
65616
32
0
0
16384
16
16384
210
4
0
8
0
0
0
16400
2
8
8
80
8192
0
0
8192
2048
2
128
16384
128
128
0
0
90112
65546
0
0
0
0
24577
256
0
4096
80
0
16384
128
8192
32962
0
2048
