12
0
0
2
4
0
9
0
16
0
32
32
64
0
0
16
0
128
0
0
0
0
0
0
516
9
0
0
0
0
16
2
0
512
64
1
0
0
0
0
1024
0
16
0
2048
393
16
0
32
2
0
0
9
0
2560
8
0
0
0
0
0
0
2048
512
32
0
2
128
0
0
32
1
0
1
0
16
0
64
0
64
8
0
128
0
64
16
0
8
0
2048
0
0
0
2
0
0
0
0
0
16
1024
4
0
0
0
514
1024
0
2048
0
0
0
4
512
1
16
0
512
0
0
0
256
1024
0
4
1
0
0
128
1024
512
16
385
0
32
256
8
64
0
1088
2048
0
0
4
128
640
256
0
1024
16
0
2
1
0
32
0
0
128
0
64
2048
128
0
19
0
0
2
0
640
16
1
128
0
2
256
0
0
2048
0
0
2
640
64
0
0
32
2560
0
0
2
0
0
0
0
64
16
0
2
129
16
0
0
0
1
2688
512
4
2048
64
64
64
64
0
0
0
0
0
0
32
32
0
128
0
32
0
518
16
128
1
0
2
0
0
32
512
8
8
0
0
4
8
0
64
2
0
32
1
32
2048
512
0
2048
0
16
16
2048
0
0
2
8
130
16
897
1
0
512
0
0
2
0
0
16
0
0
2
0
16
642
0
128
0
0
2048
4
0
512
4
0
0
0
2
0
2048
640
8
33
16
32
512
0
0
0
4
0
512
32
1
0
0
0
0
0
2048
16
0
0
1088
0
4
0
512
33
2
0
0
16
0
0
128
4
18
64
514
33
512
0
0
8
16
2
256
128
0
128
4
2
0
0
0
0
0
0
1
128
0
0
0
1024
8
2048
8
2
0
0
0
128
0
1
0
0
0
256
16
0
2048
0
32
0
0
2
0
0
8
0
0
4
1
1
0
512
4
0
0
4
145
0
2
0
2
2048
0
16
0
32
0
0
512
8
2048
2048
0
0
1
2
16
32
2048
32
32
0
130
0
0
0
0
2560
1
0
0
0
