21
258
4
0
4
1
1
4
19216
2048
327956
1048576
0
64
0
1048576
128
16673
32
26121
1024
4
0
2432
131072
2
2
0
257
6176
8229
16384
1086500
16896
18432
0
0
2336
4096
256
2048
1048576
2
57360
3
65536
128
16384
0
2048
2048
0
16896
16672
1
0
4
256
2
4096
0
4
131072
0
0
512
2048
4
32
1
2
65536
4
2
262144
32832
32768
4
0
1310720
2305
4096
289
16386
0
65536
1024
65536
1028
32
2048
32
0
4
1338625
1049729
16
257
16400
0
51232
514
4
65536
257
32
32768
0
128
0
0
32
4096
0
4
4098
256
2304
25088
512
32
131074
1
0
16896
0
32
32
16384
2048
0
4096
0
288
16384
256
0
0
1048577
65536
65536
0
512
32
131072
0
128
32768
1536
0
256
32768
16
0
49825
131072
32768
512
0
1049600
11905
32
2048
4
1048577
4
1052672
32
4096
1
16384
512
0
131072
262144
0
18692
8
1048577
0
32
16384
4
1
32768
514
4096
16384
32
512
0
256
16
4
0
0
32768
1048576
0
262656
0
769
256
1048577
1048576
128
48
1024
4096
7168
0
1083392
0
512
4128
4096
32
4096
65536
131072
131072
8196
1
524288
512
1048577
160
4
512
65536
128
0
4
2048
4
256
4
1048576
4
0
1052672
514
32
288
2048
34816
2
1536
262144
1048576
131072
16
130
1048577
0
4
276
16898
1025
65536
4
32
288
131072
8193
0
11777
257
898
4096
528384
1
4
2
2048
512
262144
0
256
18432
520
64
0
260
130
2
0
65536
8192
257
256
512
512
512
4096
0
0
16
16
131072
1024
524288
4
0
65536
65536
0
32768
4
256
256
8196
1
32
1536
262144
640
262144
196610
4
2
16388
33
262144
16384
313345
514
163936
512
256
32
0
16384
65540
69632
524288
2
256
65536
512
1
35073
3364
1026
1
514
16384
32768
384
64
65536
262146
16
32768
262146
262144
4096
2080
0
524288
32
262146
32
128
41088
1052672
512
1048705
0
4096
1048576
61444
16512
642
24576
2
16384
32788
0
0
54037
256
0
131072
65536
0
1024
0
4
1
0
128
2048
196608
1
4096
256
24832
49824
256
262144
131072
1048576
128
0
4
128
65536
512
128
1536
514
1
256
514
4
0
2048
4
2
2
1024
514
16
196608
262144
32
65536
32
1064960
65552
256
32
32768
262144
512
2048
0
262144
16
0
16384
262144
69632
0
4
32788
0
2
0
512
1024
256
257
65536
289
1048576
1
1048576
2
276
256
32
262148
1048577
2
32768
0
0
256
0
1048576
0
32
32
59141
65536
0
1792
8
96
1
0
1048576
262144
4
16512
19888
1051648
257
16384
512
4096
4144
32
128
1048576
1048576
262144
32
16384
262144
640
6176
1
0
128
4
16
2
2
16384
512
16
98304
256
3072
1
0
1
8
0
0
4385
1048705
65536
1312800
16384
263937
1048576
0
1024
512
4096
32
8192
8196
1
17920
256
65540
0
512
4096
256
51508
16385
1048576
256
512
256
0
24577
512
262144
4
32
257
4
33024
16384
262144
43040
32
4
1664
0
512
32
512
1081601
1024
16385
0
0
524288
16512
4
1025
528384
130
265
128
6176
1
2
4
4128
8192
0
262160
8
24832
256
512
1048576
8196
17152
128
0
0
65536
16384
1
1083649
1363236
263424
32768
0
256
1048576
128
4
1
262144
8192
65536
260
16896
1048576
1
1026
17922
2
16386
512
16
2336
16386
262144
128
524288
524288
4
257
64
8192
32
262146
16384
16384
0
4128
65536
16384
16384
64
16384
32
512
256
1048577
1024
4
2
32800
4096
2
4
32
1050624
1048576
16384
1090048
2
1048576
1310848
0
4
2048
512
4096
2048
1024
2048
4
32800
131329
16
16384
512
33281
1048576
1081345
16384
1048833
0
1048577
1025
2048
0
262658
16
2048
524288
1536
4
262656
4096
262144
8192
1792
98304
32
1048577
0
131072
512
262144
16384
16384
512
2
16384
2
4
1048576
4098
1049600
4
262144
4
16640
4
1048577
0
131072
2048
0
49664
1048576
40964
16384
0
35072
128
32
0
32772
1048576
514
25605
64
256
8192
1048576
16
512
257
128
4
524288
128
33
0
4096
131072
1
256
17188
1085716
4096
16
16
131072
131072
262144
256
16512
2048
1180384
32768
258
0
32768
1314832
512
16384
4
131072
512
65536
1
0
524288
1081364
32768
16896
512
4
24576
0
1052704
16
262146
131072
0
262144
4
16
131072
32
4096
1024
4096
1048576
512
4
32
3
1
0
4128
514
1
4
257
131329
1
2048
1024
8
1049985
1
17024
0
32
0
2
524288
131072
4128
1052960
4
512
2
2
8192
16384
1048576
69632
512
36097
0
262144
65552
1
1048577
3104
262676
17168
256
64
263810
8192
0
16
1
1
0
2048
512
0
0
1
1048576
512
4
1050624
514
0
2048
128
4
4096
16384
1
1081344
131072
128
32768
262144
0
0
2048
0
4
262144
4
131072
512
0
2048
262146
262164
16912
512
16384
32832
2080
16384
524288
32
262144
1
1049760
4
65536
131072
49152
0
130
512
32768
512
4096
128
16384
0
0
32772
16
0
262144
16
65536
1028
160
2
262144
1024
32
69632
41492
2
3841
65536
32820
69632
1024
2
4128
4098
289
16400
1
2
0
524288
1028
512
4
524288
32
16384
2048
0
1
0
524288
512
39429
256
8192
1088373
34816
4
512
32768
1024
1312003
4
32772
4096
32768
16384
128
0
96
512
131168
0
0
256
1
1064976
2048
32
0
4
0
33
262144
288
32772
256
1057537
514
16896
32
262144
16384
6176
262144
32
0
16384
0
1024
0
8192
2
33073
1280
65536
4
32
4
16384
64
1048576
512
4
128
1536
0
8196
1085440
1048704
262144
24576
32
4
512
3072
32
131168
16898
262144
2048
9216
32
0
32
1052704
1048833
524288
1048576
0
1
1048577
4
262144
32772
2048
0
0
32768
32768
0
0
0
16384
262144
2
32768
1049088
16384
512
1048576
1310720
65536
24832
43040
131074
4
262144
516
0
0
524288
65536
1024
512
512
512
512
1048576
0
16912
1
4
1098368
512
1
262144
17040
16384
16384
0
32
1
64
512
1048576
512
0
4
0
512
16384
524288
512
16384
65536
1536
6240
32
0
17168
128
128
65540
1048576
270356
0
5248
32
98816
512
262656
1
4
8192
2048
1
524288
2048
16385
2
4
1050624
128
4096
8
4096
4096
0
16
640
262144
32768
1048576
4
49152
2080
262144
4
512
2048
262144
512
4
4
128
0
3585
131072
4096
0
4096
1536
262144
32
262144
0
1098000
131072
1
514
260
262144
9
8224
288
256
2048
2
0
128
2
1
2048
32768
524288
4
4096
0
16896
16
0
256
32772
8192
262144
514
32
0
0
262144
0
65536
32772
33313
0
32
1052704
49664
524288
524288
4
2
1026
4
512
1
1
65536
32768
2
4096
32
288
128
524288
65536
65536
16384
512
1346560
4
16384
1071137
262144
131072
8192
524288
128
0
512
0
0
18692
16400
1536
16512
16384
49664
0
4096
4
128
1024
1024
4
16384
134401
0
4
32
512
32768
512
256
0
