19
32
4
0
0
1
1
264330
256
0
64
0
0
0
8211
16
42497
1024
2048
0
196611
0
32
32
0
4368
8192
8192
134418
0
0
4114
0
0
4096
256
32
8200
33
128
65536
8192
0
131072
512
0
512
8192
1
0
2048
0
32
256
0
32
0
0
512
131072
16
1
32
128
2048
32
0
66
2
2048
0
262400
256
19
8224
0
128
1024
128
1024
16
135168
16
0
2048
275715
66817
8
2
8200
0
131088
32
2048
128
3
2
0
0
0
16
2048
288
1
4098
8704
512
16
32
1
0
8192
16
8192
4096
0
128
0
2
0
0
256
128
128
0
512
16
1
0
65536
2
64
0
2
2
8
0
205331
1
512
8192
1280
78849
16
4096
2048
257
4
256
1
1
8192
512
2048
64
262144
0
32
512
133122
32768
257
0
16
8192
2048
131072
4096
128
8192
16
512
0
8
4
0
0
131072
0
512
0
4097
2
257
256
8192
24
1024
0
32
0
144
256
16
128
128
32
32
1
16384
512
257
65552
0
512
128
65536
0
2
131072
2048
2
2048
256
32
128
256
4098
16
18
4096
4098
2048
8192
1536
262144
256
32
8192
256
133120
2058
8224
1025
4097
16
18
64
8192
1
0
262176
1
256
256
1
2048
32
131072
512
262144
0
2
33280
64
0
2050
8192
32
0
128
8192
3
65568
2
512
0
512
128
0
8
8
32
1024
0
2048
0
0
0
2
4
1
1
10240
1
16
1536
262144
66048
262144
224
2048
32
10240
1
262144
8192
401409
512
82
512
2
16
0
131072
2176
128
32
0
32
0
128
2
1
4099
132112
32
1
4096
8192
8192
0
8192
4097
8
131072
262176
262144
131072
4112
8
0
16
262176
65536
73728
16640
512
65792
128
256
16
8192
544
8192
131088
139264
8
0
0
142091
128
0
32
128
0
4096
0
0
1
0
65536
131072
131072
1
128
2
8193
74256
1
262144
64
256
65536
2048
0
128
512
65536
1536
544
1
1
544
32
0
131072
2048
32
32
0
32
8
224
256
262144
16
128
16
8448
2
16
8192
0
512
262144
8
0
262144
0
4
2048
0
8834
0
512
1024
2
1
17
256
16
32
2058
1
16
264192
131072
0
2
0
256
0
16
141570
12801
0
1538
32768
80
1
0
256
262144
73728
201752
132352
1
8192
0
128
144
16
8192
256
256
262144
0
262144
66048
135312
1
0
0
133120
8
32
32
8192
512
512
8320
1
4096
1
1
32768
0
0
65552
65793
128
393488
263683
256
512
4096
512
128
8192
10240
1
9728
2
2176
0
512
256
1
133146
8193
256
1
512
4096
8192
512
262144
2048
16
4097
2048
2
8192
262144
135184
16
2048
66048
128
16
512
8449
288
4096
8193
0
0
8192
4
1025
16640
65568
32769
65536
131216
1
32
257
73984
0
262152
32768
8193
2
0
256
10240
8449
65536
0
0
128
275
1
4355
404755
263169
131072
0
2
256
65536
2048
1
262144
8192
128
2050
0
32
9760
32
8224
262400
512
8
4115
8224
262144
65536
0
133120
3
64
8192
16
262176
4
2048
0
272
2048
8192
8192
64
1
16
8
2
257
4096
2048
1
131088
256
32
8
16
131328
256
131072
4097
32
256
327936
0
32
4096
512
262144
4096
4096
4096
65536
1
8192
512
131585
256
257
131072
257
0
2048
1025
4096
0
262176
8
4096
512
262144
131072
262144
8192
1538
128
16
257
64
512
262144
8192
8192
512
32
8192
32
2048
256
288
1280
2048
262144
0
8192
257
0
64
4096
0
8704
256
10240
0
0
131075
256
16
0
2050
256
544
12288
64
1
8192
256
8
512
1
0
2048
4
65536
17
0
256
64
1
8192
141824
2314
512
32
64
64
262144
2
131088
131072
32
0
2
262408
0
64
512
128
1
0
0
258
8704
512
2048
8192
0
272
8
262176
65
0
262144
2048
8
64
16
4096
131328
256
512
2048
16
33
1
16384
272
256
1
0
3
3
1
4096
1024
32768
66817
16
73728
16
256
32
17
32
273
2048
512
32
32
8192
8192
256
128
512
135171
0
262144
136
0
257
132112
264200
10
2
64
67104
8192
0
8
1
1
0
544
512
544
0
1
256
512
2048
131328
32
0
8
1536
131072
1
128
64
2
262144
4096
16
131072
65537
2048
262144
2048
32
512
0
4096
262176
264200
512
8192
66
66384
0
16384
272
262144
1
70928
128
32
8192
0
65536
512
2
512
65536
8192
0
0
262144
1024
512
1024
16
128
2048
32
4097
128
2058
4096
32
225
2052
19
8200
1
32
0
16384
1024
512
2048
0
16
8192
4096
1
0
128
133891
2
146259
4098
2048
512
2
1024
263425
2048
2050
0
131072
8192
65536
0
80
512
80
0
2
1
8456
16
0
2048
262144
18
2050
0
1
8961
544
8704
262144
8192
135312
262144
16
0
2048
0
1024
8192
32
131099
1024
128
2048
16
2048
8192
1
8192
512
2048
65536
4096
0
10240
258
65792
262144
8192
2048
512
4096
16
80
8736
4096
12288
16
0
16
272
257
0
1
257
262144
131072
4096
32
0
131072
0
0
0
0
139264
262144
32
131072
128
256
512
256
16
128
8193
135184
32
2
262144
0
0
0
4096
1
512
512
256
256
512
1
4
66049
128
262144
8192
8192
0
16
16
64
512
256
131072
512
0
2048
0
8192
16384
0
128
131280
16
0
65536
65536
2176
256
272392
0
70912
16
32
512
257
2048
0
3
1
0
4096
8449
32
8192
65536
0
32768
256
256
0
8
66048
262144
2
139264
131088
262144
2048
512
131072
262144
512
2048
4
32
0
140034
0
128
2048
0
512
262144
1
262144
139530
64
1
512
2050
0
32769
16
18
1
2050
32
0
65536
32
1
131072
256
136
4
256
0
8704
2
0
8192
0
0
16
0
0
0
0
128
2
131841
272
272
8706
0
0
2048
32
1
2048
0
512
1
4352
5121
2
256
16
18
65536
64
128
128
8192
0
402688
2048
8192
131345
0
64
8192
2048
65536
0
512
0
0
133126
8200
512
8192
139264
4096
8706
0
128
2048
65536
1024
1024
2048
8192
256
0
16
512
0
0
