576 961
0 234
1 120
1 337
2 346
2 529
2 199
2 531
2 412
2 181
2 449
3 171
3 364
3 421
3 122
3 384
3 543
3 448
3 387
3 88
3 236
4 274
4 115
4 515
4 426
4 456
4 347
4 512
4 204
4 205
4 182
4 377
4 241
5 33
5 71
5 348
5 485
5 321
5 117
5 541
5 487
5 179
5 335
5 62
6 137
6 363
7 132
7 340
7 555
7 403
7 534
7 163
8 162
8 186
8 149
8 228
9 196
10 89
10 98
10 558
10 559
11 250
11 506
11 91
12 25
12 324
12 554
13 66
13 344
13 220
13 447
13 77
14 266
15 427
15 444
15 530
15 41
16 301
16 366
16 27
16 97
17 114
17 54
17 458
18 36
18 341
18 39
18 371
19 255
19 353
20 186
20 476
21 458
22 108
23 561
23 567
23 368
24 442
24 357
24 30
24 496
24 38
25 324
25 554
26 451
26 548
26 239
26 181
26 44
26 412
26 109
26 121
26 449
27 97
28 165
28 210
28 329
28 473
28 474
28 354
29 339
29 420
29 398
30 442
30 38
30 496
31 307
31 431
31 135
32 456
32 426
32 241
33 71
33 62
33 485
33 321
33 487
34 432
35 493
35 207
37 481
37 294
38 442
38 496
39 115
39 515
39 267
39 459
39 221
39 340
39 256
39 341
39 215
39 182
39 272
39 371
39 173
39 76
40 451
40 314
40 330
40 417
40 373
40 75
41 231
41 530
42 433
42 279
43 328
43 245
43 180
43 107
44 451
44 412
44 181
44 449
44 239
45 328
45 309
46 121
46 548
46 573
46 109
47 296
47 143
47 507
47 353
48 270
48 297
48 565
49 274
50 272
50 235
51 125
51 185
52 360
53 489
53 376
53 69
54 114
54 458
55 274
56 142
56 315
56 193
56 134
57 503
57 521
57 363
58 63
58 362
58 150
59 227
59 482
60 490
61 532
62 165
62 124
62 304
62 443
62 353
62 485
62 350
62 321
62 434
62 71
62 487
62 200
62 550
62 570
62 333
62 174
63 362
64 416
64 406
65 506
65 527
65 452
65 89
65 203
65 413
65 298
66 220
66 447
66 77
67 89
67 382
68 451
68 529
68 314
68 330
68 373
68 510
69 263
69 83
69 489
69 343
69 376
70 525
71 485
71 321
71 487
72 167
72 390
72 127
73 178
73 174
74 326
75 451
75 278
75 373
75 138
76 422
76 129
76 101
76 103
76 356
77 544
77 447
77 220
78 327
79 254
79 359
80 433
80 157
80 84
81 219
81 507
81 500
81 213
81 143
81 225
81 468
82 394
83 343
84 433
84 157
85 419
86 251
86 144
86 320
87 563
87 381
87 176
87 306
87 307
87 373
87 94
88 220
88 364
88 448
89 452
89 527
89 177
89 332
89 382
89 317
89 203
89 401
90 494
91 250
92 293
93 451
93 488
93 123
93 229
93 531
93 460
94 224
94 176
94 563
94 306
95 293
96 434
96 547
98 559
99 434
100 260
100 410
100 188
100 492
100 353
101 129
101 356
102 112
102 153
104 297
105 266
106 230
107 287
107 288
107 289
107 245
107 180
107 183
107 328
109 121
109 548
109 573
110 265
111 370
111 510
111 170
112 153
113 302
113 243
113 563
113 155
114 458
115 512
115 371
116 456
117 326
117 514
118 564
118 355
118 483
119 532
119 284
120 337
121 548
121 573
121 181
122 384
123 229
123 531
123 460
124 350
124 443
125 185
126 335
127 167
128 292
128 511
129 356
130 232
130 342
130 568
130 201
130 395
131 393
133 504
133 572
134 285
134 247
134 315
134 142
134 193
135 431
136 430
136 389
136 517
136 397
137 322
137 363
138 451
138 278
138 373
139 477
139 299
140 378
141 451
141 562
141 279
142 315
142 193
143 507
143 500
143 353
143 468
144 251
144 320
145 396
146 505
146 574
147 475
147 253
147 303
147 313
148 470
148 159
148 358
149 162
149 186
149 228
150 371
151 220
151 279
151 372
151 437
151 386
151 244
152 222
152 333
154 541
156 348
157 433
158 480
159 470
159 358
160 191
160 174
161 169
161 315
162 228
162 552
162 186
162 428
162 233
164 384
164 310
164 187
165 304
165 434
165 520
165 354
165 380
166 261
166 291
168 563
168 381
169 315
170 370
170 510
171 387
172 279
173 459
173 215
173 272
174 441
174 461
174 275
174 178
174 353
175 405
175 268
175 257
176 563
176 306
177 452
177 332
177 317
177 401
179 457
180 266
180 206
180 208
180 328
180 450
180 245
181 548
181 451
181 346
181 573
181 412
181 449
181 239
182 515
182 221
182 256
182 347
183 315
183 245
183 286
184 342
184 568
184 395
186 418
186 228
186 553
186 233
186 513
186 351
186 476
187 384
187 283
187 310
187 560
188 260
188 410
188 492
188 353
189 274
189 271
189 563
190 220
190 411
190 409
190 353
192 262
193 315
194 408
194 431
195 222
195 333
197 424
197 524
198 404
199 346
199 529
199 449
199 531
200 304
200 237
200 570
200 434
200 550
201 232
202 506
202 334
203 452
203 527
204 205
206 208
206 266
207 493
208 266
209 290
209 453
210 329
210 473
210 474
211 251
211 486
212 311
212 563
213 225
213 219
214 551
214 436
215 304
215 459
215 272
215 449
215 440
216 276
217 456
218 451
218 435
219 225
220 469
220 336
220 279
220 402
220 454
220 386
220 447
220 344
220 225
220 353
221 341
221 340
221 267
222 333
223 463
223 509
223 566
224 563
225 469
225 507
225 500
226 526
227 482
229 531
229 460
230 471
231 530
233 428
233 552
233 536
234 305
235 272
236 543
236 421
238 575
238 246
238 259
239 451
239 412
239 449
240 545
241 456
241 426
241 377
242 548
242 451
242 510
243 495
243 563
243 302
243 279
243 353
243 562
244 562
244 372
244 437
245 287
245 288
245 289
245 328
246 575
246 259
247 315
247 285
248 251
248 320
249 530
250 252
250 300
251 349
251 279
251 486
251 501
251 568
251 320
253 303
253 475
253 313
253 295
254 359
255 353
256 515
257 387
257 405
257 268
257 294
258 569
259 575
260 410
260 492
260 353
261 291
263 343
264 391
267 341
268 405
269 548
269 539
271 304
271 369
271 563
271 464
271 374
271 478
272 459
273 388
275 461
277 523
278 451
278 312
278 434
278 373
279 562
279 540
279 433
279 501
279 425
279 386
279 568
279 319
280 387
280 318
280 465
280 308
281 433
282 325
282 518
282 431
282 383
283 560
284 532
285 315
287 289
288 328
290 453
294 387
294 481
294 361
295 475
297 565
299 477
302 563
303 475
303 313
304 550
304 434
304 570
306 563
307 563
307 381
307 373
307 562
308 387
308 318
308 465
309 328
310 384
311 563
313 475
314 451
314 373
314 330
315 484
315 416
315 406
315 379
316 439
317 452
317 332
317 401
318 387
318 465
319 425
319 540
320 349
320 542
320 532
321 485
321 487
322 363
323 352
323 502
323 423
323 345
324 554
325 431
326 466
326 514
329 473
329 474
330 451
330 417
330 373
331 472
332 452
332 401
333 550
333 570
336 402
336 454
338 557
338 349
339 420
339 398
340 534
340 341
342 395
342 568
344 549
344 409
344 411
344 447
346 531
346 529
346 412
346 449
347 515
348 556
349 547
349 421
349 557
349 438
349 535
350 443
351 418
351 553
352 502
352 423
353 563
353 445
353 492
353 500
353 410
353 507
355 564
355 483
356 444
356 530
357 496
358 470
362 423
363 521
363 503
364 448
365 404
367 529
367 451
367 392
368 561
368 567
370 510
372 437
373 451
373 563
373 381
373 417
374 478
374 563
375 571
376 489
379 416
379 406
381 563
383 518
385 494
387 526
387 465
387 431
389 430
389 517
389 397
392 451
395 568
397 430
398 420
399 452
399 434
399 547
400 423
401 452
402 454
406 416
407 522
408 431
409 411
409 549
410 492
411 549
412 451
412 449
413 506
414 520
415 490
417 451
418 553
421 504
421 543
423 502
424 568
424 524
425 540
426 456
427 444
427 530
428 552
429 491
431 526
434 452
434 550
434 519
434 570
434 547
435 451
436 551
438 535
444 530
446 518
449 529
449 531
449 451
449 573
451 548
451 510
451 529
451 488
452 527
453 562
455 528
460 531
462 479
462 563
463 509
463 566
467 548
468 507
473 474
476 513
478 563
479 563
483 564
485 487
488 510
497 570
498 499
501 568
503 521
504 572
505 574
508 538
509 566
510 548
510 529
516 530
519 547
529 531
532 542
533 546
537 540
539 548
548 573
550 570
561 567
