429 626
0 175
1 88
1 249
2 257
2 231
2 149
2 329
2 397
3 285
3 282
3 301
3 389
4 199
4 382
4 314
4 335
4 380
4 154
4 155
4 136
4 401
4 178
5 24
5 51
5 44
5 357
5 235
5 85
5 406
5 359
5 134
5 234
5 258
6 100
6 270
7 97
7 400
7 252
7 298
7 413
8 148
9 321
9 69
9 416
9 417
10 184
10 375
10 63
11 193
12 315
12 326
12 396
12 31
13 219
13 271
13 20
13 68
14 253
14 29
14 274
15 71
16 277
16 197
16 419
17 79
18 341
18 423
18 273
19 325
19 265
19 22
19 365
19 28
20 68
21 251
21 310
21 114
22 325
22 28
22 365
23 224
23 317
23 99
24 51
24 44
24 357
24 235
24 359
25 318
26 96
26 151
27 354
27 214
28 325
28 365
29 127
29 194
29 168
29 252
29 129
29 253
29 162
29 337
29 198
29 274
29 147
30 331
30 188
30 275
30 242
30 229
31 396
32 319
32 203
33 241
33 181
33 135
33 78
34 256
35 216
36 101
36 421
37 92
37 139
38 267
39 104
39 230
39 146
39 98
40 213
41 45
41 269
41 225
42 361
43 398
44 123
44 222
44 51
44 425
44 261
44 320
44 377
44 237
44 245
44 130
45 269
46 307
46 300
47 393
47 294
47 296
47 244
47 320
47 332
47 132
47 321
47 232
47 153
48 231
48 331
48 378
49 192
49 255
50 391
51 357
51 235
51 359
52 125
52 288
52 93
53 203
53 185
53 424
54 239
55 409
56 240
57 166
57 376
57 369
57 89
57 105
57 171
57 345
58 290
59 116
60 309
61 185
61 106
61 247
62 167
63 184
64 213
65 331
65 360
65 91
65 172
65 397
65 338
66 170
66 419
67 372
67 387
67 270
69 417
70 320
72 320
72 411
73 81
73 113
74 147
75 101
76 193
77 200
78 208
78 209
78 210
78 181
78 135
78 137
78 241
80 82
81 113
82 220
82 180
82 419
83 230
83 120
84 335
85 239
85 381
86 420
86 263
86 355
87 398
87 206
88 249
89 171
89 166
90 286
91 172
91 397
91 338
92 139
93 125
94 379
94 212
95 264
96 151
98 104
98 230
98 146
99 317
100 236
100 270
101 421
102 278
103 331
103 292
103 203
104 230
104 146
105 376
105 345
106 185
106 247
107 374
107 427
108 349
108 186
108 221
108 228
109 346
109 118
109 266
110 282
110 141
110 122
111 203
111 284
111 167
112 169
112 245
114 251
114 310
115 143
115 303
117 353
118 346
118 266
119 144
119 130
120 230
121 174
121 316
121 140
122 282
122 141
123 351
123 222
123 320
123 386
123 262
124 308
124 211
126 419
126 259
127 274
128 203
129 337
129 162
129 198
130 339
130 370
130 173
130 133
130 261
131 299
131 195
131 187
132 244
132 321
132 232
132 296
133 370
134 336
135 193
135 156
135 158
135 241
135 330
135 181
136 382
136 401
137 230
137 181
137 207
138 254
138 424
138 291
140 174
140 279
140 350
141 282
142 197
142 419
143 167
143 303
143 261
145 191
146 230
149 257
149 231
149 329
149 397
150 403
152 375
152 246
153 332
153 393
153 321
154 155
156 158
156 193
157 276
157 362
158 193
159 185
159 358
160 226
160 419
161 322
162 222
162 337
162 198
162 329
162 324
163 201
164 335
165 331
165 414
166 171
167 248
167 203
167 297
167 333
167 284
167 261
168 253
168 252
168 194
169 245
170 419
171 369
171 376
172 397
172 338
173 339
174 316
175 223
176 408
176 311
177 410
178 335
178 314
179 412
179 331
179 378
180 364
180 419
180 220
180 203
180 261
180 292
181 208
181 209
181 210
181 241
182 428
182 189
182 183
183 428
183 189
184 218
185 280
185 203
185 358
185 424
185 247
186 221
186 349
186 228
186 215
187 299
187 195
188 331
188 275
188 242
189 428
190 302
192 255
194 253
195 299
196 412
196 404
197 222
197 419
197 342
197 277
198 337
199 287
200 347
202 320
202 227
203 292
203 405
203 319
203 388
203 284
203 424
203 233
204 319
205 238
205 384
205 317
205 281
206 398
208 210
209 241
211 308
214 354
214 268
215 349
217 332
220 419
221 349
221 228
222 237
222 377
222 320
222 425
224 292
224 275
225 274
226 419
228 349
229 331
229 275
229 242
230 356
231 257
231 331
231 272
231 378
231 397
231 329
232 244
232 321
232 296
233 388
233 405
235 359
235 357
236 270
237 377
237 320
237 425
237 245
238 317
239 343
239 381
242 331
242 275
243 348
244 321
244 296
245 425
247 280
247 407
247 398
248 297
248 333
250 415
250 280
251 310
252 400
252 253
254 291
254 424
257 329
257 397
259 275
259 419
260 371
260 312
261 419
261 327
262 351
263 420
263 355
264 326
264 396
265 365
266 346
269 312
270 387
270 372
272 331
272 289
273 341
273 423
275 331
275 419
276 362
277 419
279 350
280 415
280 311
281 384
282 389
283 363
285 392
285 317
285 301
289 331
291 424
293 406
294 320
294 411
295 312
296 321
297 333
300 307
304 332
304 375
305 386
306 361
311 373
311 408
312 371
313 390
314 335
315 326
315 396
317 392
320 377
320 385
320 425
320 411
321 393
321 332
323 395
326 396
328 384
329 397
331 412
331 360
331 414
331 378
332 393
332 375
334 394
338 397
340 352
340 419
341 423
344 412
345 376
352 419
355 420
357 359
360 378
366 425
367 368
372 387
374 427
377 425
378 412
382 401
383 396
385 411
388 405
398 407
399 426
402 405
404 412
418 422
