688 1255
0 278
1 146
1 404
2 413
2 631
2 240
2 633
2 492
2 220
2 537
3 207
3 505
3 431
3 97
3 148
3 342
3 456
3 647
3 535
3 61
3 105
3 280
4 496
4 25
4 23
4 202
5 403
5 264
6 289
6 85
6 415
6 580
6 383
6 142
6 644
6 126
6 218
6 402
6 74
7 164
7 622
7 430
8 159
8 407
8 663
8 481
8 636
8 198
9 196
9 225
9 180
9 302
10 236
11 628
11 282
11 226
11 646
11 107
11 556
11 493
11 355
12 162
12 107
12 120
12 666
12 667
13 226
13 111
13 294
13 123
13 135
13 234
13 423
14 32
14 284
14 662
15 51
16 307
17 499
17 264
17 459
17 189
17 574
17 534
17 91
17 78
17 411
18 316
19 677
19 511
19 531
19 632
19 50
20 360
20 436
20 34
20 118
21 139
21 66
21 546
22 481
22 210
23 496
23 25
23 202
24 300
24 490
25 202
25 496
26 225
26 568
27 283
27 537
28 546
29 133
30 669
30 675
30 438
31 529
31 424
31 38
31 592
31 47
32 284
32 662
33 539
33 654
33 283
33 220
33 54
33 492
33 134
33 147
33 537
34 118
35 201
35 252
35 394
35 564
35 565
35 421
36 77
36 648
37 143
37 349
37 476
37 489
37 519
37 406
38 529
38 47
38 592
39 368
39 515
39 352
40 544
40 510
40 270
41 131
41 341
41 53
41 343
41 344
41 219
41 222
41 311
42 517
43 684
43 156
43 242
43 257
44 158
45 576
45 350
46 327
46 140
46 536
46 510
46 544
46 414
46 609
46 244
46 245
46 221
46 449
46 270
47 529
47 592
48 140
48 536
48 317
48 663
48 266
48 258
48 407
48 301
48 646
48 408
48 547
48 685
48 158
48 221
48 324
48 441
48 209
48 234
49 539
49 376
49 395
49 500
49 444
49 89
50 432
50 276
50 617
50 632
52 518
52 333
53 131
53 108
53 219
53 473
53 311
54 539
54 607
54 492
54 220
54 537
54 283
55 311
55 371
56 419
56 598
56 507
56 412
57 353
57 173
57 604
57 490
58 320
58 354
58 626
58 673
59 327
60 353
60 112
60 250
60 411
61 627
61 572
61 207
61 350
61 303
61 334
61 555
61 169
61 370
61 323
61 380
61 515
61 393
62 324
62 279
63 151
63 224
64 427
65 584
65 448
65 82
66 139
66 546
67 514
67 161
67 163
67 306
67 293
67 470
67 618
67 662
67 297
67 538
67 361
67 474
68 172
68 377
68 233
68 161
68 125
69 600
69 622
69 370
69 430
70 75
70 429
70 181
71 272
71 577
72 585
72 215
73 634
74 201
74 150
74 639
74 530
74 580
74 417
74 383
74 519
74 85
74 126
74 523
74 241
74 657
74 289
74 680
74 210
74 399
74 490
75 429
76 498
76 485
77 648
78 264
78 534
78 91
79 107
79 454
80 482
80 550
80 435
81 539
81 631
81 376
81 395
81 444
81 607
82 313
82 98
82 584
82 410
82 448
83 358
84 520
84 549
84 516
84 415
85 580
85 383
85 126
85 289
86 203
86 463
86 153
87 217
87 210
88 298
89 539
89 332
89 444
89 165
90 540
90 237
90 487
90 515
91 649
91 534
91 264
92 390
93 389
93 643
94 518
94 188
94 99
95 398
95 604
95 285
95 308
95 122
95 228
95 596
95 420
95 256
95 173
95 588
95 559
96 468
97 148
97 342
97 431
98 508
98 410
98 625
99 518
99 188
100 482
101 503
102 295
102 175
102 382
103 671
103 453
103 214
103 367
103 368
103 444
103 115
104 678
105 464
105 264
105 431
105 535
106 614
107 628
107 282
107 216
107 397
107 454
107 646
107 379
107 556
107 479
108 473
108 131
109 590
110 269
110 567
110 595
111 294
112 353
112 411
112 250
113 348
114 539
114 583
114 149
114 274
114 633
114 244
114 492
114 537
114 548
115 374
115 671
115 453
115 332
115 204
115 214
115 367
115 262
115 400
115 326
116 348
117 519
117 653
119 254
120 162
120 667
121 519
122 420
122 308
122 228
122 490
122 588
123 135
123 155
123 234
123 423
124 137
124 184
125 161
125 377
125 470
125 172
125 233
125 538
126 580
126 383
126 289
127 234
128 354
129 316
130 275
131 343
131 341
131 344
131 219
131 473
131 222
131 311
132 298
134 654
134 386
134 331
134 685
134 147
135 234
135 423
136 206
136 440
136 607
136 610
137 184
138 363
138 287
138 671
138 186
139 546
140 609
140 441
141 544
142 298
142 615
144 672
144 422
144 578
145 305
145 634
145 683
146 404
147 654
147 386
147 332
147 321
147 685
147 220
148 342
148 431
148 456
149 274
149 633
149 548
150 417
150 530
150 523
151 224
152 402
153 203
154 632
155 234
155 423
156 601
156 392
156 242
156 661
156 409
156 676
156 471
157 467
158 408
158 441
160 665
160 416
161 297
161 579
161 339
161 233
161 538
161 291
161 377
161 470
161 172
161 167
161 174
163 514
163 618
163 474
164 384
164 430
165 539
165 332
165 444
166 569
166 357
167 377
167 174
167 579
168 450
169 572
169 515
169 393
170 399
171 539
171 670
171 333
172 377
172 233
173 604
173 596
173 490
173 559
174 377
174 579
175 295
175 382
176 472
177 602
177 686
178 566
178 475
178 364
178 375
179 561
179 190
179 425
180 659
180 225
180 196
180 302
181 685
181 441
182 264
182 333
182 443
182 433
182 458
182 288
183 547
183 310
183 267
183 296
183 399
185 644
187 415
188 518
189 499
189 574
189 264
190 561
190 425
191 210
192 231
192 210
193 315
194 205
194 377
195 312
195 678
196 302
196 659
196 225
196 512
196 277
197 566
197 679
197 415
199 513
200 594
201 639
201 519
201 621
201 421
201 452
202 496
204 400
204 453
204 671
204 326
205 377
206 440
206 607
208 333
209 547
209 258
209 324
210 528
210 551
210 493
210 328
210 217
210 481
210 490
211 249
212 483
212 318
212 303
213 585
214 367
214 671
214 453
215 585
216 646
216 397
216 379
216 479
218 545
219 316
219 246
219 248
219 311
219 538
220 654
220 539
220 413
220 607
220 685
220 492
220 537
220 283
221 536
221 266
221 301
221 414
222 377
222 340
223 409
223 676
223 471
225 502
225 302
225 660
225 277
225 611
225 418
225 568
226 493
226 243
227 456
227 337
227 372
227 586
227 668
228 420
228 308
228 490
228 588
229 327
229 322
229 671
230 264
230 491
230 488
230 490
232 391
233 377
234 506
234 423
235 603
235 323
237 540
237 487
237 515
238 508
238 625
239 482
240 413
240 631
240 537
240 633
241 639
241 281
241 680
241 519
241 657
243 501
243 522
244 537
244 245
244 492
246 248
246 316
247 445
247 589
248 316
250 353
250 411
251 601
251 345
251 541
252 394
252 564
252 565
253 295
253 581
255 373
255 671
256 285
256 398
257 553
257 658
257 521
257 684
257 401
257 299
258 639
258 547
258 324
258 537
258 527
259 309
259 346
260 544
261 539
261 369
261 365
262 332
262 671
262 374
263 267
263 399
264 560
264 403
264 499
264 411
264 333
264 480
264 542
264 458
264 534
264 459
264 574
264 285
264 490
265 472
265 524
265 362
266 408
266 407
266 317
267 399
268 655
268 606
268 674
269 567
269 595
270 544
270 510
270 449
271 627
272 577
273 306
273 585
274 633
274 548
275 562
276 632
277 512
277 659
277 638
278 366
279 324
279 385
280 647
280 505
282 646
282 556
283 539
283 492
283 537
284 662
285 560
285 398
285 604
285 596
286 654
286 539
286 607
287 591
287 671
287 363
287 333
287 490
287 670
288 670
288 443
288 433
288 582
289 580
289 383
290 687
290 306
290 293
291 377
291 339
292 295
292 382
293 687
293 306
293 361
294 616
294 359
295 416
295 333
295 581
295 597
295 676
295 382
296 547
296 399
296 310
296 610
297 662
297 538
297 470
298 615
299 521
300 490
301 536
303 483
303 318
303 350
304 678
305 683
306 585
306 687
306 361
308 420
308 490
308 588
309 346
310 547
310 399
310 610
311 371
311 343
312 678
313 410
314 465
317 408
318 483
319 652
321 332
321 386
321 654
322 639
322 439
322 671
322 554
322 446
322 570
324 547
325 460
326 400
326 671
327 461
328 551
329 664
330 624
331 654
332 654
332 539
332 386
332 374
332 671
332 519
332 444
333 670
333 426
333 518
333 597
333 509
333 458
333 676
333 381
334 380
334 555
334 370
335 518
336 388
336 619
336 515
336 455
337 668
338 601
338 405
339 377
341 344
342 431
345 541
347 494
349 406
349 476
350 576
350 428
351 475
351 566
352 515
353 411
354 673
356 575
357 569
362 472
362 524
363 671
364 566
364 475
364 375
367 671
367 453
368 671
368 453
368 444
368 670
369 539
370 555
370 380
370 430
372 456
372 586
373 671
374 671
375 475
375 566
376 539
376 444
376 395
377 579
377 451
377 485
377 498
378 526
379 646
379 397
379 479
380 555
381 509
381 426
382 416
382 645
382 634
383 580
384 430
386 654
386 685
387 650
388 515
389 643
392 601
392 676
392 661
393 572
393 515
394 564
394 565
395 539
395 500
395 444
396 563
397 646
397 479
399 657
399 680
399 547
400 671
401 553
403 542
403 480
405 601
406 476
407 636
407 408
409 471
409 676
410 625
410 508
411 656
411 488
411 491
411 534
413 633
413 631
413 492
413 537
414 536
415 516
415 566
415 520
415 679
415 549
416 653
416 505
416 665
416 525
416 682
417 530
417 523
418 502
418 660
419 598
419 507
420 490
420 588
422 672
422 578
423 572
423 632
423 531
424 592
425 561
426 509
426 640
429 507
430 622
430 600
431 535
432 531
432 617
432 632
433 443
434 498
435 482
435 550
436 442
436 469
437 631
437 539
437 466
438 669
438 675
440 610
440 607
441 685
442 469
444 539
444 671
444 453
444 500
445 589
446 570
446 671
447 681
448 584
451 498
451 485
453 671
455 619
456 586
457 590
459 534
462 587
466 539
470 538
471 676
472 524
474 514
475 566
477 646
477 519
477 653
478 507
479 646
480 542
482 550
484 629
485 498
486 623
487 540
487 515
488 491
488 656
489 519
490 671
490 532
490 588
490 596
490 604
491 656
492 539
492 537
494 608
495 621
497 585
499 574
500 539
501 522
502 660
504 599
505 601
505 647
507 598
508 676
508 625
510 544
511 531
511 632
512 659
515 627
515 572
515 540
516 520
516 549
519 646
519 639
519 657
519 680
519 620
519 653
520 549
521 658
523 530
525 682
531 617
531 632
533 619
537 631
537 633
537 539
537 685
539 654
539 607
539 631
539 583
541 670
543 630
548 633
552 571
552 671
556 646
556 628
557 637
558 654
559 604
564 565
566 679
567 595
568 611
570 671
571 671
573 654
573 642
578 672
583 607
585 613
593 680
597 676
600 622
601 661
601 612
601 676
602 686
605 641
606 655
606 674
607 654
607 631
607 610
607 685
617 632
620 653
628 646
631 633
632 677
634 645
634 683
635 651
639 657
639 680
642 654
646 663
646 685
654 685
655 674
657 680
661 676
663 685
669 675
