1332 3701
0 538
0 817
0 615
1 1224
1 736
2 296
2 757
3 234
4 997
4 1285
5 801
5 1231
5 569
5 1236
5 954
5 430
5 1009
6 1030
6 565
6 725
6 493
6 35
6 738
6 938
6 1210
7 636
7 496
8 766
8 803
8 649
8 508
9 195
9 33
9 1069
9 248
9 1171
9 448
9 1091
9 950
9 995
10 1029
11 1128
11 1298
11 509
11 178
11 85
11 1309
11 233
11 117
11 1244
11 1200
11 857
11 821
12 960
12 58
12 54
12 398
13 1328
13 996
13 235
13 148
13 962
14 1316
15 825
15 846
15 1235
15 271
15 815
15 340
15 1244
16 424
16 1212
16 531
16 1312
16 415
17 634
17 125
17 665
17 1232
17 726
17 1056
17 1256
17 865
17 1191
17 473
17 804
17 475
17 431
17 877
17 1046
17 342
17 551
18 141
18 950
18 386
18 1171
18 188
18 167
18 551
18 982
19 1076
19 159
19 1165
19 518
19 81
19 832
19 389
19 418
19 326
19 177
19 478
19 529
19 604
19 428
19 778
19 1126
19 290
19 1009
19 803
19 1144
19 1145
19 1148
19 232
19 562
20 470
20 1065
20 1021
20 357
20 1017
20 645
20 917
21 959
21 725
21 625
21 35
21 837
21 1179
21 879
22 519
22 316
22 674
22 568
23 1307
23 287
24 322
24 581
24 642
24 1168
24 787
24 1283
24 277
24 365
24 582
24 1243
24 392
24 91
25 736
25 1036
25 29
25 1234
25 47
26 769
27 537
27 388
27 129
27 351
27 886
28 942
28 968
28 324
29 165
29 766
29 1234
29 1266
29 838
30 359
30 860
30 551
30 1289
30 1077
30 683
30 246
30 217
30 1288
30 35
30 278
30 861
30 1279
31 984
31 596
31 785
31 1241
31 229
31 272
31 389
31 900
31 275
31 1132
31 775
31 584
32 803
32 926
32 1050
32 337
32 703
32 298
32 1313
33 995
33 1069
33 950
34 1123
34 129
34 662
34 911
34 920
34 903
34 520
35 396
35 1014
35 565
35 1289
35 1077
35 576
35 493
35 1082
35 412
35 1179
35 288
35 443
35 959
35 1012
35 1317
35 1202
35 1255
35 373
35 381
35 122
35 124
35 806
35 614
35 625
35 713
35 138
35 837
35 457
35 879
35 849
35 222
35 725
35 805
35 965
35 738
35 983
35 821
36 295
36 1284
36 884
36 655
37 1105
37 803
37 926
37 111
37 555
37 688
38 1135
38 986
38 1330
38 1167
38 132
38 512
38 1282
38 166
38 1151
38 987
38 946
38 74
38 1045
38 632
38 1173
39 110
40 728
40 600
41 188
41 899
41 596
41 1056
41 269
41 249
41 893
41 508
41 374
41 1132
41 1043
41 815
41 167
41 837
41 395
42 873
42 806
42 851
42 216
43 1256
43 67
44 1008
44 714
44 374
44 217
44 415
45 82
45 773
45 485
45 361
46 615
47 558
47 611
47 194
47 803
47 127
47 107
47 1036
47 1234
47 1211
47 389
47 1085
47 1027
47 338
47 1310
47 494
47 673
47 835
48 307
48 698
48 856
48 621
48 1079
49 1112
49 145
49 1067
50 415
50 1319
50 365
50 383
51 524
51 803
51 788
51 294
51 153
51 295
51 854
51 1073
52 607
52 263
52 844
52 592
53 979
53 780
53 540
54 960
54 58
54 398
55 1248
55 180
55 1209
56 923
56 1032
56 1314
56 925
56 188
57 589
57 446
57 195
57 149
57 815
58 398
58 960
59 1098
59 120
59 549
60 1196
60 781
60 129
60 76
61 165
61 988
61 663
61 578
61 389
61 900
61 105
61 264
61 845
61 214
61 822
61 272
61 775
61 541
61 944
61 199
61 1044
61 1302
61 358
61 107
61 808
61 108
61 134
61 1261
61 1245
62 547
62 1009
63 295
63 391
63 1284
63 866
64 828
64 88
64 735
64 73
65 1181
65 186
65 1166
65 1321
65 1121
66 925
66 188
67 1256
68 1062
69 578
69 1047
69 652
69 419
69 274
70 268
70 140
71 939
71 1228
72 1296
72 1308
72 859
73 1029
73 1163
73 828
73 88
73 609
73 735
73 101
74 776
74 132
74 987
74 1282
74 1151
74 946
74 1167
74 1173
75 1127
75 814
75 701
76 696
76 781
76 129
76 1196
77 377
77 195
77 325
78 1242
78 942
78 547
78 430
78 115
78 954
78 275
78 299
78 1009
79 698
80 1112
80 706
80 108
80 743
80 718
80 1152
81 926
82 396
82 485
82 773
82 361
82 816
83 698
84 1051
84 1262
85 786
85 1128
85 1298
85 509
85 949
85 1014
85 366
85 499
85 857
85 821
85 1309
85 233
85 117
85 1200
85 1244
85 178
85 291
85 902
86 829
86 927
86 1169
86 912
86 474
86 983
87 880
87 1088
87 349
87 123
88 1029
88 1163
88 828
88 735
88 101
89 661
89 327
89 371
89 931
89 307
89 445
89 378
89 855
90 1292
90 1277
90 753
90 590
90 1276
90 777
90 376
90 670
90 610
91 805
91 642
91 572
91 1259
91 578
91 1238
91 209
91 342
91 766
92 265
92 660
92 112
92 700
92 666
92 429
92 432
92 608
93 1010
94 1322
94 465
94 468
94 493
94 533
94 316
94 1024
94 480
94 674
95 1057
95 1021
95 559
95 357
96 348
96 1203
96 553
97 404
97 1250
97 922
97 268
97 758
97 357
97 1002
97 190
97 917
98 1157
98 179
99 910
99 527
99 892
99 250
99 136
99 918
99 409
99 711
99 1095
100 160
100 508
100 1043
100 167
100 837
100 482
101 1029
101 1163
101 609
101 735
102 493
102 517
102 1030
102 909
102 153
103 643
103 892
103 389
103 414
103 591
103 1101
103 510
103 1283
103 1021
103 1156
103 357
103 276
103 665
103 804
103 617
103 787
103 760
103 792
103 870
103 817
103 321
103 837
103 630
103 1009
103 457
103 727
103 431
103 1065
103 1285
103 1070
103 559
103 482
104 656
104 385
104 915
104 240
104 897
104 509
104 1186
104 768
104 1021
104 162
104 745
104 307
104 1147
104 870
104 955
104 210
104 301
104 457
104 1242
104 144
104 383
104 727
104 1299
104 921
104 1149
104 552
104 1324
104 647
105 165
105 808
105 845
106 1056
106 115
106 557
107 1182
107 1205
107 972
107 845
107 369
107 1234
107 534
107 975
107 444
107 992
108 444
108 706
108 1302
108 718
108 1152
109 160
109 508
109 1086
109 513
109 1213
109 1053
109 977
110 413
111 409
111 926
111 527
111 1012
111 642
111 1105
111 1171
111 950
111 936
112 700
112 265
112 371
112 247
112 429
112 920
112 333
112 876
112 608
113 1046
113 1101
113 726
113 1056
113 865
113 115
113 1009
114 1067
115 1242
115 1009
115 1101
115 1056
115 865
115 1189
115 726
115 954
115 430
115 1046
115 547
116 219
116 1014
116 320
117 1309
118 198
118 202
119 602
120 1098
120 549
120 207
121 775
121 802
121 740
122 565
122 725
122 965
122 1317
122 138
122 412
122 983
123 880
123 1088
124 806
124 614
124 608
124 605
126 892
126 665
126 356
127 611
127 176
127 803
127 594
127 785
127 571
127 1188
127 1085
127 1177
127 295
127 1284
127 494
127 835
127 748
127 389
127 1310
127 584
127 658
127 674
127 1075
128 689
128 340
128 1184
128 815
129 696
129 985
129 781
129 886
129 784
129 903
129 180
129 351
129 700
129 1196
129 388
129 537
129 807
129 520
129 657
130 613
130 1274
130 430
130 1189
130 273
130 1195
130 280
131 1226
131 147
132 634
132 1167
132 987
132 1282
132 1151
132 946
132 1173
133 933
134 327
134 1084
134 811
134 336
134 661
134 142
134 595
134 1187
134 944
134 504
134 372
134 206
134 980
134 536
134 378
134 1049
134 637
134 1064
134 643
134 1267
134 450
134 739
134 903
135 630
135 539
136 1271
136 892
136 711
137 308
137 1258
138 193
138 565
138 725
138 965
138 1317
138 412
138 983
139 574
140 404
140 268
140 922
141 188
141 1171
141 386
141 950
141 551
141 982
142 172
142 587
142 839
142 595
143 1066
144 1324
144 1149
144 870
144 162
145 1112
145 1067
146 764
146 1067
147 1226
148 326
148 469
148 791
148 996
148 426
148 339
148 254
148 454
149 589
149 446
149 815
150 161
150 840
150 352
151 583
151 1138
152 277
152 420
152 422
152 1206
152 526
153 1030
153 909
153 788
153 294
153 854
154 489
155 981
156 1238
157 1019
157 570
158 459
159 396
159 1076
159 1165
159 518
159 507
159 562
159 415
159 942
159 177
159 1275
159 467
159 1012
159 478
159 1014
159 529
159 601
159 703
159 1031
159 1315
159 1219
159 303
159 705
159 722
159 964
159 895
159 1144
159 1148
159 232
159 815
159 364
159 1018
160 1053
160 325
160 596
160 508
160 1086
160 1132
160 1241
160 1131
160 815
161 840
162 1242
162 942
162 968
162 641
162 692
162 1324
162 1149
162 870
162 1192
162 1195
163 190
163 1250
163 758
164 962
164 940
165 845
165 808
165 1234
165 838
165 214
165 1266
166 563
166 986
166 402
166 892
166 389
166 471
166 1096
166 443
166 850
166 217
166 275
166 1040
166 990
166 693
166 441
166 785
166 1195
166 955
166 1045
166 715
166 407
166 544
166 1065
166 946
166 1141
167 508
167 815
167 1043
167 188
167 551
167 982
168 892
168 716
168 217
168 1008
168 239
169 519
169 1164
169 854
169 568
169 423
170 1242
170 1231
170 727
170 863
170 1189
170 870
170 768
170 430
171 612
171 717
171 200
171 1150
171 824
171 1199
172 587
173 710
173 221
173 1185
173 847
173 514
173 916
174 246
175 1009
176 803
176 1007
176 948
176 1284
176 1075
177 1144
177 518
177 1148
177 562
178 1298
178 1200
178 1324
178 509
178 870
178 233
178 1244
178 821
179 1157
179 317
180 1248
180 985
180 882
180 657
180 784
180 660
180 333
180 700
180 1021
180 1196
180 628
180 876
180 839
180 807
181 842
182 460
182 546
182 961
182 277
183 1254
183 700
183 882
183 628
183 415
184 427
184 415
185 1240
185 498
186 1181
186 736
186 1166
186 1121
187 811
187 461
187 378
187 943
187 1218
188 566
188 386
188 1264
188 1099
188 508
188 1041
188 551
188 925
188 523
188 923
188 950
188 1171
188 1043
188 1314
188 815
188 1032
188 982
189 759
190 984
190 404
190 1250
190 922
190 508
190 465
190 268
190 978
190 758
190 1006
191 1012
191 370
191 203
192 217
193 565
193 1136
193 1120
193 1317
193 644
193 983
194 558
194 1211
194 1027
195 325
195 1091
195 223
195 1175
195 837
195 340
195 1097
195 589
195 603
195 772
195 1184
195 596
195 269
195 847
195 514
195 977
195 762
195 221
195 1129
195 1171
195 448
195 377
195 492
195 248
195 893
195 950
195 899
195 313
196 962
196 387
197 943
197 265
197 371
197 700
197 876
197 378
198 202
199 1302
199 663
199 845
200 736
200 824
200 1224
201 530
203 1012
203 370
204 783
204 678
204 1143
204 259
204 1298
204 707
204 675
204 480
205 664
205 642
205 704
205 578
205 1160
205 585
205 1119
206 305
206 599
206 1187
206 1282
206 450
206 690
206 903
207 1098
207 231
207 549
208 641
208 591
208 986
209 578
209 342
210 745
210 1242
210 870
210 1147
211 721
211 326
211 947
211 712
211 996
211 341
212 502
212 1176
212 836
213 1312
214 259
214 845
214 508
214 1044
215 559
215 1320
216 851
217 892
217 471
217 415
217 1107
217 1008
217 932
217 525
217 714
217 771
217 1037
217 868
217 374
217 716
217 455
217 407
217 544
217 239
217 411
217 734
218 406
218 926
219 354
219 1014
219 831
219 892
219 252
220 1331
220 1253
221 508
221 1120
221 1185
221 847
221 514
221 710
221 395
221 916
222 576
223 689
223 837
223 1129
223 482
224 1262
225 672
226 330
226 878
226 399
227 378
227 1218
228 1111
228 957
229 984
229 785
229 389
230 1242
230 261
230 302
230 528
230 1236
230 473
230 954
230 1009
230 1074
231 1303
231 367
232 962
232 884
232 1165
232 478
232 529
232 418
232 339
233 503
233 509
233 421
233 1106
233 774
233 1200
233 1298
233 760
233 1295
233 707
233 870
233 633
233 1143
233 724
233 889
233 641
233 1324
233 1244
233 821
234 1250
234 699
234 568
234 928
234 293
234 347
235 1328
235 780
235 962
236 672
237 1247
237 955
237 415
238 1113
238 1268
238 1139
239 1008
240 1299
240 509
240 727
240 870
240 385
240 921
240 915
240 1324
240 1021
240 301
240 1046
240 457
241 1056
241 472
241 646
241 342
242 489
243 745
244 489
245 564
245 599
245 1311
245 559
245 575
246 1298
246 1289
246 683
246 1200
246 1014
246 837
247 920
247 256
247 265
247 605
248 815
248 603
248 1171
248 448
248 1091
248 950
248 313
249 1056
249 1043
250 892
250 374
251 984
251 465
251 767
251 1215
252 892
252 1014
252 570
253 1253
253 763
253 465
253 864
253 293
253 316
253 1160
253 935
253 1071
253 281
253 719
254 1013
254 454
254 326
254 478
254 741
254 571
254 996
254 1173
254 418
254 339
254 559
254 903
254 658
255 619
255 953
256 853
256 277
256 730
257 457
258 330
259 480
259 1298
259 675
259 678
260 615
260 796
260 422
260 277
260 546
261 1242
261 1189
262 1272
263 592
263 844
263 533
263 316
263 607
264 578
264 480
264 1261
265 920
265 700
265 862
265 660
265 333
265 666
265 429
265 339
265 876
265 432
265 371
265 608
266 613
266 1021
266 1285
266 430
267 376
267 279
267 367
267 1180
268 404
268 922
268 758
268 1250
269 899
269 395
269 893
270 665
270 572
270 578
270 1089
270 820
270 691
270 551
271 825
271 846
271 810
271 992
271 1235
271 770
272 822
272 785
272 389
272 900
272 275
272 775
272 584
272 358
273 801
273 1242
273 616
273 1189
273 1147
273 954
273 430
273 1009
273 280
273 569
273 360
275 942
275 968
275 545
275 639
275 785
275 407
275 389
275 1192
275 299
275 584
275 986
275 1285
276 1242
276 1009
276 591
276 1156
277 1206
277 420
277 526
277 365
277 966
277 1083
277 599
277 422
277 961
277 460
277 388
277 408
277 796
277 546
277 415
278 1289
279 614
279 367
279 1180
279 1224
280 1195
280 863
280 1189
280 405
280 430
281 935
282 556
282 554
282 1298
282 368
283 676
283 785
283 904
283 389
283 822
284 996
284 382
285 830
285 805
286 1297
286 1084
286 980
287 1307
288 373
288 1255
289 1056
290 1240
290 1201
291 516
291 687
292 1300
292 818
292 1142
293 597
293 763
293 568
293 465
293 347
293 316
293 1238
293 1160
293 654
293 699
294 524
294 803
294 788
294 295
294 854
294 1073
295 1125
295 906
295 666
295 1261
295 945
295 415
295 594
295 1284
295 524
295 926
295 866
295 748
295 1313
295 884
295 803
295 1148
295 813
295 1188
295 391
295 1073
295 655
296 757
297 439
297 538
297 991
298 803
298 926
298 1050
298 337
298 703
298 1313
299 942
299 545
299 1056
299 641
299 430
299 335
299 1147
299 1285
300 901
301 1242
301 1299
301 385
301 915
301 870
302 528
302 1236
302 1074
303 895
303 1031
303 1018
304 353
304 843
304 1011
305 903
305 742
305 599
305 1282
306 778
307 1143
307 1298
307 889
307 870
307 955
307 1297
308 1258
309 620
309 401
310 536
311 1234
312 789
312 1082
312 457
312 821
313 815
313 603
313 448
313 950
314 994
314 882
314 945
314 1148
315 1301
315 992
315 747
316 1181
316 765
316 763
316 568
316 465
316 505
316 468
316 433
316 1022
316 793
316 1160
316 519
316 592
316 674
316 1326
318 1172
318 542
318 799
318 1130
319 640
320 1014
321 577
321 792
321 760
322 582
323 805
323 1286
323 349
324 942
324 968
325 596
325 815
325 515
325 1132
325 1241
325 1131
325 377
326 1076
326 658
326 571
326 712
326 996
326 418
326 339
326 341
326 1173
326 924
326 478
326 604
326 947
326 1126
326 454
326 1013
326 721
326 741
326 832
326 559
326 903
327 378
327 637
327 336
328 891
328 1252
328 753
329 750
329 1233
329 842
330 399
330 442
330 444
330 878
330 1111
330 1305
330 992
330 939
331 984
331 1183
331 465
331 1014
331 1234
331 830
332 695
332 883
333 700
333 657
333 371
333 623
333 876
333 839
334 732
334 493
334 803
335 942
335 1041
336 661
336 378
336 637
337 1050
337 926
337 703
338 1242
338 380
338 467
338 642
338 1297
338 673
339 881
339 962
339 862
339 700
339 996
339 454
339 884
340 1122
340 589
340 1184
340 1014
340 830
340 893
340 952
340 1175
340 837
340 1244
340 1097
340 762
340 815
341 996
341 712
341 947
342 1056
342 1256
342 578
342 472
342 646
343 919
343 509
344 345
344 1325
345 1325
346 1119
346 585
346 704
346 664
347 699
347 568
347 438
347 573
347 423
347 799
348 553
348 462
348 1067
348 983
349 880
349 597
349 654
350 1102
350 1005
350 1292
350 1249
351 669
351 388
351 886
352 1285
352 760
353 843
353 1011
354 457
354 821
355 1245
355 867
355 914
355 856
356 665
356 641
356 1014
356 892
356 374
356 714
357 559
357 508
357 1057
357 642
357 848
357 869
357 1065
357 1021
357 898
357 1017
357 1002
357 645
357 470
357 1158
357 917
358 822
358 663
358 389
358 900
358 775
358 1245
359 1279
359 860
359 1288
360 1242
360 692
360 1147
360 1189
360 430
361 773
361 485
362 388
362 658
362 1177
363 1070
363 685
363 511
363 579
363 703
364 601
365 521
365 526
365 383
365 1319
365 929
365 1216
365 606
365 415
366 786
366 499
366 1309
366 1128
367 1180
367 1303
369 975
370 1012
371 943
371 700
371 876
371 855
371 378
372 504
372 378
373 1255
374 508
374 596
374 892
374 716
374 714
374 1132
374 415
375 501
375 535
375 486
376 1276
376 1193
376 753
377 596
377 515
377 1132
377 815
377 1131
378 1051
378 974
378 661
378 637
378 943
378 700
378 1218
378 504
378 445
378 1049
378 461
378 811
378 651
379 415
380 467
380 452
380 775
380 673
380 415
381 1082
381 457
381 821
382 996
383 1319
383 552
383 870
384 708
384 983
384 1000
385 1242
385 1299
385 915
385 870
386 1041
386 1171
386 551
386 982
386 950
387 611
387 1312
387 962
388 696
388 961
388 803
388 886
388 478
388 669
388 1305
388 460
388 1260
388 998
388 537
388 658
389 984
389 904
389 1085
389 1060
389 494
389 900
389 835
389 584
389 1096
389 414
389 782
389 822
389 775
389 1026
389 676
389 785
389 630
389 1009
389 705
389 1327
389 1070
389 652
390 442
391 803
391 866
391 1284
391 1188
391 655
393 1323
394 999
394 798
394 731
394 841
394 967
395 409
395 516
395 527
395 1120
395 893
395 514
395 499
396 942
396 705
396 722
396 1012
396 1014
396 1234
396 1211
396 1056
396 493
396 887
396 816
397 1067
398 960
399 878
400 1198
400 934
401 620
402 1040
402 990
402 1065
402 563
403 1056
403 741
403 559
404 922
404 1250
404 758
405 863
405 1189
406 926
407 892
407 986
407 471
408 961
409 1127
409 527
409 1120
409 892
409 936
409 642
410 642
411 1037
411 1107
411 868
411 525
411 455
412 565
412 965
412 1317
412 983
414 1070
414 630
415 1247
415 1078
415 1254
415 700
415 668
415 1100
415 506
415 508
415 1284
415 424
415 427
415 1059
415 1028
415 1212
415 526
415 618
415 531
415 1304
415 1290
415 955
415 1312
415 882
415 813
415 648
415 815
415 628
416 481
416 787
417 937
417 619
417 595
418 903
418 529
418 478
418 924
418 1013
419 652
419 1047
419 578
420 1206
421 707
421 1143
421 1298
421 889
422 526
422 796
422 546
423 568
423 438
424 531
424 1059
425 542
426 791
426 996
426 469
428 1065
429 615
429 1062
429 476
429 479
429 608
429 1013
430 968
430 863
430 997
430 942
430 616
430 1189
430 1195
430 801
430 613
430 1035
430 1147
430 954
430 1009
430 1242
430 1285
430 547
431 804
431 510
431 591
431 1232
432 996
432 659
433 763
433 568
433 765
433 1022
433 534
433 1326
434 622
435 463
436 480
436 1109
437 456
438 763
438 568
438 465
438 793
438 1160
438 505
439 991
440 1287
441 1141
441 850
441 715
442 623
442 1020
442 1305
443 955
443 470
444 729
444 495
444 992
444 1281
444 553
444 1172
444 1152
444 672
444 653
444 718
444 1293
445 1049
445 661
446 589
446 815
447 542
447 1114
447 927
448 815
448 603
448 1171
448 1091
448 950
449 634
449 626
449 1298
450 643
450 1187
450 1084
450 980
450 903
451 508
451 952
451 1273
451 815
453 761
454 996
455 1037
455 1107
455 868
455 525
457 959
457 1077
457 870
457 1082
457 837
457 821
458 1183
458 536
460 546
460 961
461 811
461 943
461 1218
462 983
464 1081
464 465
464 736
464 493
464 588
464 1224
465 984
465 1250
465 568
465 1081
465 830
465 493
465 758
465 674
465 588
465 763
465 1014
465 519
465 767
465 1024
465 1215
465 1160
465 635
465 978
465 480
466 682
467 705
467 542
467 1315
467 1014
467 1275
467 743
467 673
469 791
469 996
470 1065
470 1017
470 645
471 892
471 544
472 1056
472 646
473 1009
473 475
473 954
474 1169
475 551
476 479
476 615
477 871
477 1159
478 803
478 529
478 1165
478 832
478 604
479 615
480 635
480 588
480 1298
480 578
480 794
480 1109
480 493
480 675
480 1024
480 678
480 674
481 787
482 1129
482 1021
482 1043
482 689
482 837
483 1181
483 667
483 1052
484 1222
484 914
485 773
486 501
486 535
487 694
488 578
488 1146
490 723
490 1298
491 1116
492 744
492 677
492 977
492 772
493 984
493 1081
493 1210
493 588
493 1012
493 1220
493 1014
493 1016
493 568
493 775
493 938
493 517
493 944
493 794
493 803
493 978
493 1322
493 1068
494 611
494 1085
494 835
494 1310
494 803
495 729
495 1067
495 1140
496 1110
496 1199
496 636
497 702
499 516
499 786
500 1242
500 1227
500 1015
501 535
502 1176
502 836
503 745
503 1298
503 783
503 1295
503 707
504 661
505 793
505 1160
506 511
506 703
507 895
507 601
508 1250
508 758
508 1006
508 1304
508 596
508 847
508 514
508 1086
508 916
508 977
508 1132
508 1043
508 955
508 837
508 1053
508 803
508 642
508 898
508 815
508 899
509 1244
509 1298
509 701
509 870
509 1200
509 1324
509 921
509 1021
509 1198
509 919
509 586
509 821
510 792
510 787
510 617
511 703
512 1135
512 632
512 1330
512 1137
513 565
513 1317
513 708
513 1213
513 977
513 983
514 988
514 1120
514 1185
514 847
514 710
514 916
515 1131
515 596
515 815
516 687
518 1076
518 1144
518 1148
518 562
519 1164
519 568
519 1072
519 854
520 903
520 599
520 575
521 606
521 1319
521 1216
522 1049
523 1099
523 566
524 803
524 560
524 1023
524 1109
524 1073
525 1037
525 1107
525 868
526 599
527 1127
527 1120
527 892
527 936
527 642
528 1236
528 1074
529 1165
529 1145
531 1212
531 1312
532 799
532 1294
533 1109
534 1234
537 669
537 998
537 1287
539 630
539 751
540 979
540 780
541 1261
541 988
542 927
542 1130
543 792
544 892
545 942
545 968
545 641
545 1147
545 1285
546 966
546 1083
546 961
546 796
547 1242
547 954
547 1009
548 629
548 1240
549 1098
550 1265
551 683
551 1089
551 671
551 1041
551 820
551 665
551 860
551 1133
551 1171
551 797
551 877
551 726
551 1056
551 578
551 950
551 982
552 942
552 1242
552 1189
552 870
553 993
553 1172
553 1067
554 1162
554 1298
554 556
554 642
554 815
554 1297
555 926
555 688
556 1298
557 1056
558 1211
558 1027
559 571
559 1297
559 1173
559 599
559 848
559 1021
559 1311
559 869
559 1057
559 741
559 643
559 730
559 903
559 658
559 1158
561 827
561 768
562 1144
562 1148
563 1040
563 990
563 1065
564 1328
564 599
564 575
564 1311
565 725
565 965
565 1120
565 1317
565 708
565 738
565 983
566 1099
567 775
567 1060
568 699
568 654
568 765
568 775
568 674
568 1326
568 763
569 801
569 1236
569 1231
569 954
569 1009
570 963
570 1004
570 805
570 1208
570 1014
570 830
570 1019
570 970
571 741
571 658
571 1177
571 996
571 1173
571 903
572 578
572 691
573 799
575 634
575 599
575 1306
575 1328
575 903
576 1204
576 697
578 1089
578 820
578 691
578 665
578 1034
578 1160
578 631
578 1047
578 652
578 725
578 805
578 642
578 1146
578 1261
578 901
579 1070
579 703
579 685
579 1195
580 1111
581 1168
583 1138
584 785
585 664
585 680
585 704
585 1119
586 870
586 1324
586 1298
588 984
588 635
588 944
588 1081
588 978
588 1016
588 1068
589 1014
589 830
589 815
589 893
590 1276
590 1292
590 753
591 804
591 641
591 1156
591 1009
592 844
592 607
593 1056
593 1014
593 1004
593 830
594 1188
594 666
594 1284
594 748
594 1313
594 803
595 937
595 619
596 773
596 815
596 1132
596 1241
596 1131
597 654
598 1117
598 1116
599 1311
599 1282
599 1328
599 903
600 728
603 950
603 815
604 1145
604 832
605 608
606 1319
607 844
608 700
609 735
610 1276
610 753
610 795
610 670
611 634
611 759
611 1087
611 1085
611 752
611 835
611 1310
611 1312
611 803
612 824
613 907
613 1189
613 1021
613 1285
614 806
616 1242
616 1009
616 1189
617 867
617 914
617 792
617 1285
617 1240
617 856
618 668
619 937
619 953
620 905
621 1079
623 700
624 938
624 674
624 1081
625 959
625 725
625 837
625 1179
625 879
626 705
626 1123
626 1298
626 1083
626 874
626 1124
627 885
628 1254
628 700
628 876
628 882
628 807
629 1240
630 1070
631 1034
631 1047
631 901
631 725
632 1135
632 1330
632 1137
632 946
633 1106
633 774
633 1200
633 1298
634 759
634 752
634 1197
637 661
638 732
638 1221
639 942
641 942
641 892
641 1298
641 692
641 1014
641 968
641 1106
641 1147
641 870
641 1242
641 724
642 833
642 1001
642 1297
642 1012
642 936
642 1160
642 971
642 1223
642 898
642 814
642 645
643 1084
643 1021
643 980
644 1012
644 1120
644 1136
645 1001
645 1065
645 1017
645 1223
646 1056
647 656
647 749
647 870
650 762
650 1225
650 730
650 1074
651 974
651 1207
651 894
652 782
652 1060
652 1327
652 775
652 1047
653 1281
653 1293
654 1238
655 884
655 866
655 1284
655 1188
655 803
656 870
657 985
657 839
657 784
657 660
657 700
657 1021
657 882
658 741
658 996
658 1177
658 1173
658 903
659 1154
660 666
661 1064
661 739
661 821
662 1123
662 1282
662 742
662 911
662 920
662 903
663 845
663 1245
663 1302
664 680
664 704
664 1119
665 760
665 892
665 1191
665 737
665 1089
665 820
666 1087
666 756
666 748
666 1048
666 803
667 1052
669 998
670 777
670 753
671 1056
671 726
673 1211
674 1024
674 938
675 678
675 1298
676 785
676 904
677 744
677 772
677 977
678 1298
679 901
679 725
680 1119
680 704
681 1220
683 861
683 860
684 752
685 1070
685 1195
685 703
686 1003
686 903
686 1206
686 1173
688 799
688 926
689 1129
689 837
690 1187
690 903
692 1242
692 1147
692 870
695 883
696 886
696 1260
696 1196
698 700
700 985
700 1254
700 839
700 876
700 882
700 943
700 784
700 807
700 862
701 1127
701 1298
701 1198
701 919
701 814
703 1275
703 926
703 1315
703 1050
703 1070
704 1119
705 1275
705 1014
705 1315
706 1112
706 718
706 1152
706 743
707 745
707 1143
707 1298
707 783
707 889
707 1103
708 1317
708 1000
708 983
709 1230
710 916
710 1185
711 892
712 996
712 947
713 849
714 892
714 1008
715 850
715 1141
716 771
716 892
716 932
716 734
717 1150
717 1199
718 1152
719 1253
720 888
720 803
721 947
722 1012
722 942
723 1298
724 1106
724 1014
724 1298
725 983
725 1317
725 879
725 837
725 738
725 901
725 1047
725 959
726 1056
726 865
726 1046
726 797
727 1242
727 1324
727 768
727 870
727 1101
727 1046
727 1009
730 1225
730 1003
730 853
730 1074
731 1030
731 1081
731 845
731 967
732 1221
733 1025
734 892
734 932
734 771
735 828
736 1061
736 1160
736 824
736 1224
737 820
738 965
738 1317
739 1064
740 775
740 802
740 782
740 790
741 1173
741 903
742 903
742 1282
743 1112
744 772
744 977
745 1242
745 1298
745 1147
745 870
746 1161
747 1301
748 1125
748 803
748 1188
748 1284
748 1119
748 1313
748 1075
749 870
750 842
752 759
753 1276
753 891
753 777
753 795
753 1252
754 809
754 1178
754 992
754 800
755 958
756 1087
756 1320
756 1048
758 984
758 1250
758 922
758 978
758 1006
759 823
759 951
760 1285
760 877
763 1181
763 1022
763 1160
763 765
763 1326
764 1067
765 1326
766 906
766 926
766 1259
767 984
767 883
767 1270
768 1242
768 827
768 1103
768 897
768 870
768 852
770 846
770 810
770 1235
771 892
771 932
772 977
773 1132
773 1131
774 1298
774 1106
774 1200
775 802
775 782
775 1081
775 785
775 1060
775 900
775 1327
775 822
776 823
776 951
779 1058
780 979
780 962
781 1196
782 1181
782 802
782 790
782 1060
782 1327
782 1321
783 1143
783 1298
783 1103
784 985
784 1305
784 911
784 1196
784 903
785 1096
785 900
785 984
785 904
785 822
786 1128
786 1309
787 792
787 1243
788 854
789 821
790 802
791 996
793 1160
795 1276
797 871
799 829
799 926
799 1130
799 1172
799 1067
799 1294
801 1189
801 1236
801 1231
801 954
801 1009
803 1125
803 1007
803 1085
803 835
803 1105
803 1188
803 1284
803 1310
803 926
803 866
803 948
803 1313
803 1119
803 888
803 1073
803 1075
804 1232
805 1251
805 988
805 1318
805 930
805 830
805 1329
805 1024
805 1286
805 1082
805 819
806 851
807 985
807 876
808 1071
808 845
809 1178
809 992
810 1235
810 846
811 943
811 1267
812 996
813 1284
814 1127
814 833
814 971
815 1122
815 1175
815 837
815 1184
815 1298
815 1038
815 1043
815 952
815 950
815 1131
815 1244
817 1156
818 1300
818 1142
819 930
819 1251
820 1089
821 1244
821 1036
821 1234
821 1200
821 1324
821 1298
821 870
821 1082
822 904
822 900
823 951
824 1224
825 846
825 1235
826 903
828 1163
829 912
829 983
830 984
830 1014
830 1004
830 965
830 1317
830 893
830 1082
830 1134
830 875
833 971
833 1246
834 1306
834 1257
835 1085
835 1310
836 1176
837 1077
837 1175
837 959
837 1014
837 1021
837 1273
837 1129
837 1043
837 879
837 952
838 1266
838 1234
840 992
841 999
842 980
842 1153
842 1214
842 1194
842 1233
842 1108
843 1011
845 1302
845 1044
845 1071
846 1235
847 1185
848 1021
848 1158
850 1141
853 1003
853 962
854 1164
854 1030
854 909
855 931
856 867
856 914
856 1285
857 1244
857 1128
858 1231
858 1242
858 908
859 1296
859 1308
863 1189
863 1195
865 1046
865 1101
865 1056
865 1009
866 1284
866 1188
867 914
867 1285
868 1037
868 1107
869 1021
870 1324
870 1299
870 915
870 897
870 1186
870 1021
870 889
870 1298
870 1147
870 1101
870 1009
870 1242
870 1046
870 1143
870 921
870 1149
871 1159
872 989
874 1124
874 1298
875 965
875 1317
875 893
878 939
879 959
880 1088
882 945
882 1254
882 994
882 1021
883 984
883 1270
884 962
884 1284
884 996
884 940
886 1260
889 1143
889 1298
889 1200
890 930
891 1252
892 910
892 918
892 1271
892 1004
892 1095
892 1014
892 932
892 1283
892 1285
893 1317
893 965
893 1014
893 899
894 1207
895 1031
895 1018
896 1331
897 1242
899 1043
901 1047
902 1244
903 1187
903 1206
903 911
903 924
903 1173
903 1003
903 1282
903 1123
903 1013
903 920
903 976
904 1155
906 945
906 926
906 1148
906 1261
907 1035
907 1195
908 1242
909 1030
910 918
910 1095
911 1123
911 920
912 983
913 1280
914 1245
914 1285
915 1242
915 1299
916 1185
916 1006
917 1002
917 1021
918 1095
919 1198
920 1123
921 1186
921 1021
922 1250
923 1314
923 1032
923 925
924 1013
924 1282
925 1314
925 1032
926 1007
926 1261
926 1050
926 1105
926 1284
926 945
926 1313
926 1148
927 983
928 1250
934 1198
939 1111
939 1228
940 996
940 962
941 1217
942 968
942 1093
942 1012
942 1041
942 1189
942 1192
942 1147
942 1242
942 1285
944 1081
944 1068
945 994
945 1148
945 1261
946 1135
946 986
946 1330
946 1167
946 987
946 1282
946 1151
946 1045
946 1173
949 1014
950 1171
950 1069
950 1091
950 995
950 982
952 1122
952 959
952 1273
954 1242
954 1009
955 1304
956 1130
956 1269
957 1111
959 1077
959 1273
959 1179
961 1083
962 1087
962 996
962 1328
964 1219
965 1317
965 983
968 1192
969 1104
969 1124
970 1220
973 1312
976 1282
977 1122
977 1304
977 1184
977 1213
977 1175
977 1006
978 984
978 1250
980 1084
980 1297
980 1153
982 1171
983 1317
983 1120
983 1229
983 1000
984 1250
984 1014
984 1137
984 1215
984 1270
985 1196
986 1065
986 1045
987 1167
987 1282
987 1151
987 1173
988 1181
988 1261
990 1040
990 1065
992 1235
992 1178
994 1148
995 1069
996 1048
997 1285
1001 1223
1003 1173
1004 1014
1005 1102
1005 1249
1005 1292
1006 1122
1006 1250
1007 1075
1007 1284
1009 1101
1009 1189
1009 1156
1009 1242
1009 1046
1009 1231
1009 1236
1009 1285
1012 1014
1012 1109
1014 1208
1014 1275
1014 1315
1014 1056
1015 1242
1016 1220
1017 1065
1018 1031
1021 1057
1021 1285
1021 1158
1022 1181
1022 1160
1023 1181
1023 1109
1024 1318
1025 1123
1027 1211
1030 1081
1032 1314
1033 1263
1034 1047
1035 1195
1035 1189
1036 1205
1036 1234
1036 1182
1037 1107
1039 1118
1040 1065
1042 1207
1042 1094
1043 1056
1046 1324
1046 1101
1048 1087
1051 1262
1052 1297
1053 1086
1054 1230
1055 1087
1056 1234
1060 1327
1063 1067
1067 1112
1067 1140
1067 1294
1068 1081
1074 1225
1074 1236
1075 1284
1076 1144
1076 1126
1077 1289
1078 1290
1080 1295
1080 1298
1081 1210
1084 1297
1085 1310
1090 1240
1091 1171
1092 1225
1097 1184
1099 1264
1100 1247
1100 1291
1102 1249
1103 1298
1106 1298
1106 1200
1108 1214
1108 1153
1108 1194
1110 1199
1113 1268
1113 1139
1115 1220
1116 1117
1119 1313
1120 1136
1120 1317
1121 1166
1121 1181
1124 1298
1125 1284
1125 1313
1128 1309
1130 1172
1130 1269
1131 1132
1131 1241
1132 1241
1135 1330
1135 1137
1139 1268
1142 1300
1143 1298
1144 1148
1147 1242
1147 1189
1148 1261
1149 1324
1150 1199
1151 1167
1151 1282
1151 1173
1153 1214
1154 1237
1157 1278
1160 1181
1165 1219
1166 1181
1167 1282
1167 1173
1168 1315
1170 1174
1173 1282
1181 1321
1182 1205
1182 1234
1183 1234
1188 1284
1189 1195
1189 1242
1189 1231
1189 1285
1190 1277
1200 1298
1200 1244
1201 1240
1205 1234
1209 1248
1212 1312
1214 1233
1216 1319
1231 1242
1231 1236
1234 1310
1234 1266
1238 1259
1239 1267
1242 1299
1244 1298
1257 1306
1275 1315
1279 1288
1283 1285
1284 1313
1295 1298
1296 1308
1298 1324
