887 1888
0 360
1 656
1 809
2 192
2 503
3 151
4 533
4 816
4 316
4 819
4 634
4 292
4 696
5 276
5 559
5 653
5 127
5 519
5 439
5 592
5 838
5 694
5 81
5 363
5 138
5 66
6 125
6 160
6 804
6 304
6 725
6 541
7 684
8 638
8 35
8 33
8 270
9 98
9 342
10 715
10 111
10 535
10 755
10 496
10 187
10 835
10 217
10 518
10 757
10 550
10 261
10 290
10 372
10 786
10 696
10 280
10 97
11 242
11 708
11 646
11 673
11 319
12 62
12 572
12 350
13 213
13 622
13 526
13 855
13 385
13 825
13 753
14 221
14 148
14 205
14 251
15 359
15 260
15 298
15 238
15 395
16 833
16 817
17 299
17 651
17 365
17 524
17 642
17 589
17 140
17 261
17 320
17 635
17 176
17 554
17 460
18 797
18 569
18 859
18 654
18 453
18 158
18 140
18 858
18 20
18 178
18 350
18 851
19 535
19 247
19 699
19 227
19 514
19 194
19 877
20 268
20 299
20 848
20 144
20 859
20 668
20 654
20 670
20 545
20 381
20 334
20 162
20 531
20 179
20 310
20 537
21 44
21 501
21 854
22 67
23 400
24 596
24 397
24 704
24 172
24 161
24 590
24 342
24 252
24 749
24 693
24 118
24 103
24 531
24 775
25 834
25 39
26 666
26 515
26 140
27 410
28 863
28 406
28 124
28 535
28 76
28 66
28 689
28 817
28 803
28 833
28 261
28 722
28 682
28 228
28 875
28 335
28 347
28 552
29 465
29 566
29 323
29 156
30 183
30 87
30 709
31 622
31 282
32 191
32 712
32 352
32 762
32 535
33 638
33 35
33 270
34 391
34 632
35 270
35 638
36 521
36 298
36 742
37 366
37 696
38 52
39 834
40 175
41 579
41 813
42 864
42 873
42 568
43 684
43 769
43 547
43 52
43 517
43 63
44 501
44 854
45 446
46 465
47 592
47 471
47 480
47 761
48 268
48 329
48 509
48 737
48 738
48 542
49 102
49 839
50 188
50 448
50 614
50 631
50 670
50 874
50 525
51 343
51 150
51 866
51 545
52 684
52 63
52 769
53 746
53 218
53 618
53 202
53 301
53 254
53 565
54 704
54 658
54 350
55 200
55 437
55 69
55 440
55 441
55 291
55 294
55 404
56 667
57 357
57 883
57 207
57 318
57 334
58 212
59 454
60 751
60 450
61 243
61 728
62 422
62 274
62 536
62 658
62 704
62 789
62 321
62 322
62 293
62 534
62 350
63 684
63 769
64 392
64 536
64 411
64 855
64 344
64 293
64 526
64 274
64 589
64 527
64 711
64 261
64 177
64 212
64 456
64 572
64 418
64 696
64 281
64 310
64 884
65 824
65 86
65 485
65 510
65 758
65 594
65 575
65 793
65 310
66 561
66 799
66 559
66 817
66 358
67 771
68 668
68 428
68 804
68 541
69 200
69 141
69 291
69 610
69 404
70 220
70 805
70 557
71 824
71 366
71 787
71 634
71 292
71 696
71 146
72 159
72 670
73 130
73 246
74 404
74 479
75 540
75 778
75 655
75 532
76 406
76 110
76 535
76 524
76 722
76 671
76 261
76 552
76 335
76 875
76 387
76 714
77 457
77 230
77 784
77 632
78 414
78 221
78 621
78 871
79 422
80 457
80 145
80 125
80 327
80 531
81 811
81 746
81 276
81 450
81 396
81 218
81 429
81 721
81 226
81 476
81 417
81 490
81 254
81 492
81 508
82 418
82 361
83 170
83 297
84 880
84 374
84 648
85 553
86 758
86 575
86 793
87 183
87 709
88 422
89 229
89 659
89 309
89 217
89 164
90 780
90 805
90 476
90 557
91 99
91 556
91 239
92 386
92 752
93 760
93 287
94 821
95 675
95 814
96 312
97 268
97 715
97 770
97 496
97 686
97 674
97 282
97 111
97 317
97 670
97 514
97 849
97 807
97 199
97 470
97 878
97 538
97 755
97 757
97 632
97 372
98 702
98 620
98 342
99 556
100 549
101 640
101 626
102 839
103 632
103 342
103 693
103 118
104 589
104 288
104 140
104 735
105 623
105 716
105 564
106 824
106 816
106 485
106 570
106 787
106 575
106 510
106 292
107 407
107 451
107 128
107 759
107 529
107 340
108 810
109 696
110 665
110 535
110 249
110 671
110 714
111 755
111 496
111 757
111 372
112 792
112 539
112 650
112 298
112 523
113 272
113 600
113 203
114 289
114 282
115 823
116 781
117 700
117 313
117 254
117 628
118 730
118 342
118 693
118 632
118 841
119 641
120 504
120 832
121 668
121 250
121 131
122 140
123 656
124 863
124 803
124 682
125 391
125 333
125 160
125 216
125 513
125 784
125 397
125 368
125 401
125 145
125 804
125 304
125 725
125 541
125 531
125 230
125 776
125 206
125 729
126 605
127 519
127 439
127 559
128 656
128 529
128 809
129 355
130 246
131 668
131 250
132 867
132 543
132 189
133 623
134 651
135 382
135 232
135 356
136 659
136 231
136 217
136 223
136 630
137 876
138 601
138 466
138 559
138 342
138 694
139 371
139 795
140 666
140 642
140 365
140 288
140 512
140 589
140 489
140 320
140 515
140 619
140 735
141 610
141 200
142 767
143 405
143 741
143 775
144 381
145 457
145 531
145 327
146 824
146 846
146 366
146 292
146 634
146 176
146 195
146 696
147 221
147 581
147 271
148 251
149 824
149 168
149 198
149 354
149 819
149 321
149 634
149 696
149 713
150 754
150 483
150 866
150 586
150 343
150 427
150 286
150 472
150 348
150 273
150 477
150 421
150 545
152 640
152 520
153 446
154 670
154 814
155 181
155 163
156 323
157 331
158 453
158 859
159 670
160 632
160 401
160 804
160 304
160 725
160 541
160 206
161 704
161 693
162 537
162 384
162 179
162 310
162 545
163 507
163 315
163 190
163 207
163 766
163 181
164 669
164 309
164 217
164 786
164 493
164 377
164 659
164 612
164 607
164 229
164 371
164 598
164 435
165 310
166 221
167 449
167 524
167 599
167 261
168 824
168 787
169 393
169 558
169 881
169 357
169 207
169 698
170 297
171 408
171 562
171 884
172 775
172 590
173 378
173 382
173 458
174 560
174 818
176 846
176 642
176 500
176 426
176 884
176 195
176 651
177 696
177 392
177 456
178 859
179 310
179 545
180 275
180 570
180 787
180 791
182 468
182 370
182 866
182 248
183 709
184 659
184 258
185 865
185 721
185 476
186 704
187 823
187 796
188 685
188 773
189 867
189 543
190 507
190 376
190 398
190 207
190 821
190 766
190 315
190 434
191 762
191 712
191 352
191 535
192 503
193 360
194 535
194 247
194 699
194 227
194 514
194 877
195 846
195 500
195 427
195 225
195 415
195 884
195 292
196 410
196 287
196 760
197 597
198 354
198 819
198 713
199 538
199 686
199 674
200 440
200 437
200 441
200 291
200 610
200 294
200 404
201 518
202 754
202 866
202 586
202 575
202 865
203 272
204 817
206 541
206 401
206 304
206 632
207 781
207 507
207 376
207 315
207 608
207 318
207 678
207 393
207 528
207 766
207 623
208 637
209 604
210 364
210 413
211 670
212 527
212 572
214 857
214 537
215 846
215 831
215 747
216 397
216 349
216 632
216 262
216 253
217 435
217 377
217 223
217 659
217 607
217 229
217 231
217 612
217 388
217 786
217 280
217 630
217 309
217 669
217 493
217 550
217 371
217 598
218 254
218 508
218 226
219 662
219 598
219 800
219 612
220 497
220 557
221 271
221 871
221 581
222 462
222 265
223 659
223 231
223 630
224 582
225 846
226 746
226 254
226 508
227 699
227 247
227 514
228 824
228 865
228 428
228 347
229 659
229 309
230 743
230 784
230 670
230 633
230 776
230 632
230 729
231 659
231 630
232 382
232 356
233 609
234 782
234 885
235 740
235 613
235 469
235 389
236 589
236 670
236 814
237 732
237 664
237 571
237 548
238 444
238 298
238 260
238 395
239 884
239 572
240 573
240 606
240 566
241 589
241 427
242 371
242 342
242 428
242 676
242 764
242 574
242 708
242 562
242 595
242 673
242 646
242 319
243 728
244 711
244 403
244 345
244 383
244 514
245 406
247 665
247 835
247 671
247 699
247 514
247 877
247 535
249 535
250 668
252 397
252 749
252 342
253 262
253 349
253 397
253 632
254 811
254 628
254 508
254 746
254 700
254 432
254 301
254 313
254 502
255 282
256 307
256 282
257 409
258 659
259 406
259 876
260 395
260 444
260 298
260 871
260 660
260 359
261 449
261 524
261 387
261 470
261 722
261 599
261 335
261 552
261 711
261 554
261 696
261 418
261 281
261 681
262 397
262 509
262 349
262 749
262 632
263 705
263 535
263 671
263 762
263 740
263 877
263 714
264 783
264 817
265 462
265 649
265 869
265 625
266 661
266 447
267 774
268 470
268 704
268 670
268 817
268 803
268 668
268 334
268 584
268 542
269 709
270 638
271 581
273 866
273 586
273 348
273 477
273 421
274 789
274 572
275 570
275 787
276 719
276 334
276 710
276 390
277 639
277 760
278 428
279 648
280 786
280 550
281 711
281 418
282 683
282 731
282 341
282 342
282 635
282 717
282 829
282 423
282 870
282 289
282 622
282 632
283 326
283 526
284 624
284 412
284 396
285 760
286 472
286 754
286 866
286 586
287 760
288 512
288 589
288 619
288 489
290 708
291 410
291 707
291 748
291 325
291 404
291 669
292 824
292 846
292 733
292 570
292 366
292 787
292 884
292 533
292 696
292 688
292 634
293 536
293 344
293 392
293 534
294 659
294 436
295 507
295 678
296 528
296 766
296 608
298 463
298 650
298 521
298 395
298 523
298 792
298 359
298 539
298 742
299 635
299 319
300 853
300 592
300 761
300 433
300 480
300 861
301 746
302 391
302 611
302 632
303 364
303 615
304 632
304 401
304 804
304 725
304 541
305 422
305 416
305 866
306 342
306 633
306 629
306 632
308 506
309 659
310 848
310 654
310 384
310 575
310 531
310 545
311 783
311 417
313 700
313 628
314 656
314 809
315 649
315 507
315 869
315 766
315 623
315 663
316 533
316 816
316 696
316 819
317 470
317 364
317 878
317 670
317 849
319 708
319 673
319 646
320 589
320 365
320 642
321 696
321 322
321 634
324 576
324 765
325 410
325 748
326 526
327 457
327 531
328 781
328 442
328 701
329 509
329 737
329 738
330 382
330 756
332 482
332 866
333 368
333 513
334 719
334 668
334 644
334 670
334 672
334 883
334 376
334 710
334 516
334 390
335 406
335 722
335 552
335 875
335 535
336 402
336 443
337 704
338 824
338 852
338 812
339 494
339 866
339 472
340 759
340 451
341 345
341 514
342 731
342 397
342 620
342 368
342 749
342 693
342 635
342 531
342 702
342 428
342 595
342 632
342 596
343 866
343 467
343 505
343 677
343 609
343 545
344 527
344 526
344 411
345 514
346 847
346 420
346 872
347 803
348 483
348 866
348 427
348 477
348 421
349 397
349 632
350 569
350 658
350 704
350 453
350 647
351 811
352 762
352 712
352 535
353 399
353 760
354 819
354 713
356 537
356 378
356 836
356 382
356 821
357 734
358 817
359 444
359 660
359 827
361 418
361 498
362 645
362 520
362 723
363 838
363 653
364 615
364 413
365 589
366 824
366 634
366 696
367 842
368 731
368 513
368 784
368 776
369 846
369 824
369 787
370 768
370 866
370 468
370 428
370 632
370 865
371 493
371 377
371 487
371 764
371 574
371 676
371 562
371 865
371 612
371 598
371 435
372 755
372 496
372 757
373 886
373 399
373 380
374 880
374 648
375 516
375 706
376 623
376 516
377 493
377 659
377 612
377 598
377 435
378 382
378 458
379 779
380 886
380 399
380 598
380 820
381 798
381 464
382 419
382 484
382 537
382 697
382 428
382 756
382 766
382 458
382 777
382 597
383 711
383 514
383 403
383 791
384 545
386 752
387 524
388 598
388 854
388 669
388 607
389 469
389 613
389 740
389 580
390 672
390 710
390 719
391 611
391 632
392 536
392 456
392 696
393 558
393 698
393 881
394 670
396 624
396 412
396 450
397 509
397 749
397 632
398 434
399 760
399 886
399 598
399 820
401 541
401 632
402 443
403 711
403 514
403 791
404 479
404 440
405 741
405 775
406 722
406 552
406 875
406 876
406 535
407 529
408 562
408 602
408 884
410 748
411 573
411 606
411 527
411 884
411 566
412 624
413 844
415 427
415 500
415 846
416 470
416 845
416 866
416 720
416 577
416 744
418 711
419 697
419 597
419 484
420 847
420 872
421 477
421 866
423 717
424 856
424 478
425 808
426 846
427 846
427 824
427 500
427 483
427 866
427 459
427 670
427 589
427 575
427 793
428 865
428 551
428 668
428 777
428 657
428 595
428 766
428 491
429 490
429 721
429 476
430 668
431 810
431 487
431 713
432 502
432 801
432 591
433 853
433 861
434 821
435 493
435 659
435 598
435 612
437 441
438 588
438 598
438 854
439 519
439 559
442 701
444 660
445 636
447 661
448 525
448 874
448 614
449 524
449 599
450 751
450 555
451 759
452 644
453 569
455 499
456 696
457 531
459 824
459 575
459 793
461 750
463 792
463 742
467 609
467 677
467 866
468 866
469 740
469 613
469 580
470 849
470 670
470 878
471 592
471 761
471 480
472 494
472 754
472 866
472 586
473 814
474 815
475 589
476 721
476 865
476 490
476 557
477 866
478 856
480 761
480 592
481 585
482 866
483 866
484 697
484 597
485 824
485 486
485 510
485 575
486 575
487 810
487 713
488 680
489 589
489 619
489 512
490 721
491 657
491 551
493 612
493 598
494 866
495 616
495 868
496 715
496 755
496 757
497 557
500 846
500 884
501 854
504 832
505 866
507 781
507 678
507 766
508 746
509 749
509 737
509 738
510 824
510 594
510 575
511 736
512 589
512 619
514 849
514 878
514 699
514 711
515 666
516 719
516 706
517 547
519 559
519 592
520 645
520 723
520 640
521 742
522 781
522 882
523 792
523 650
523 871
524 599
524 554
525 614
525 874
526 527
526 825
528 608
528 766
529 809
529 656
530 576
531 848
531 654
531 629
531 633
531 693
533 819
533 816
533 634
533 696
534 536
535 705
535 665
535 722
535 552
535 671
535 740
535 877
535 762
535 875
535 712
535 714
537 837
537 814
537 653
537 617
537 679
537 857
537 544
538 686
538 674
539 650
540 778
540 655
541 804
541 725
541 632
543 867
544 617
545 746
545 817
545 866
545 689
546 598
547 769
548 732
548 664
550 786
551 657
551 828
552 722
552 875
556 655
557 790
557 805
557 780
558 698
558 881
559 694
560 818
561 689
561 799
561 817
562 574
562 884
563 640
564 623
564 716
565 618
566 573
566 606
566 884
567 816
567 824
567 603
568 864
568 873
570 787
570 791
571 664
572 884
573 606
573 884
575 824
575 754
575 866
575 586
575 758
575 594
575 793
576 765
577 744
577 866
578 879
579 813
580 740
580 613
583 659
583 640
583 626
586 754
586 866
587 615
587 648
588 598
588 854
589 670
589 642
589 619
589 884
589 855
590 775
591 801
592 761
593 767
594 824
596 693
597 697
598 662
598 612
598 607
598 800
598 854
598 669
598 820
599 763
603 824
606 884
607 786
607 669
608 766
609 677
611 632
612 662
613 740
614 874
615 648
616 868
616 655
620 702
623 716
625 649
625 869
626 659
626 640
627 806
628 700
629 633
629 848
631 670
632 776
632 784
632 743
632 866
632 690
632 633
633 743
633 848
634 824
634 696
635 731
636 788
639 760
640 659
642 651
643 876
644 672
645 723
646 708
646 673
648 880
649 869
649 663
650 792
652 779
652 862
653 781
653 838
654 848
654 859
655 778
656 766
656 809
658 704
663 869
664 732
665 671
665 714
668 670
668 734
670 814
670 802
670 849
670 878
671 705
671 762
671 714
671 877
673 708
674 686
675 814
676 764
678 781
678 766
679 837
682 863
682 803
685 773
687 840
688 787
689 799
689 817
689 833
691 739
692 801
693 704
695 850
696 733
696 787
696 824
696 816
696 819
696 884
698 881
701 865
703 815
704 817
705 762
705 877
710 719
712 762
713 810
713 819
715 755
718 745
718 866
721 865
722 875
724 823
725 804
726 826
727 846
729 784
730 841
733 824
733 787
737 738
740 877
741 775
742 792
744 866
745 866
747 846
747 831
754 866
755 757
758 793
760 794
762 877
766 781
766 777
770 807
772 878
779 862
780 805
780 790
781 882
782 885
783 817
785 830
787 824
787 846
787 816
787 791
787 884
793 824
796 823
797 851
797 858
799 817
802 814
803 863
816 824
816 819
817 833
817 875
821 836
822 843
824 846
824 852
829 870
831 846
846 884
847 872
849 878
851 858
855 884
860 870
864 873
