1356 3979
0 544
0 834
0 621
1 1243
1 749
2 559
2 440
2 263
3 231
4 1016
4 1306
5 817
5 1250
5 575
5 1257
5 974
5 431
5 1028
6 1049
6 571
6 738
6 498
6 35
6 751
6 957
6 111
7 643
7 501
8 55
8 820
8 657
8 513
9 193
9 33
9 1351
9 245
9 1190
9 451
9 1111
9 969
9 1014
10 1048
10 304
11 1147
11 1319
11 514
11 526
11 84
11 1331
11 230
11 115
11 1265
11 785
11 1219
11 874
11 838
12 980
12 58
12 54
12 398
13 1339
14 842
14 863
14 1256
14 268
14 832
14 337
14 1265
15 425
15 769
15 537
15 1334
15 417
16 641
16 123
16 676
16 1252
16 739
16 1083
16 1277
16 882
16 1211
16 476
16 821
16 478
16 432
16 138
16 1229
16 339
16 45
17 285
17 140
17 969
17 386
17 1190
17 186
17 167
17 45
17 1002
18 1095
18 159
18 1184
18 762
18 80
18 848
18 389
18 568
18 324
18 176
18 481
18 535
18 611
18 429
18 793
18 1146
18 287
18 1028
18 820
18 1230
18 1163
18 1166
18 229
18 934
19 473
19 1084
19 1040
19 354
19 790
19 652
19 959
20 293
20 771
21 979
21 738
21 631
21 35
21 853
21 1198
21 896
22 525
22 313
22 1100
22 574
23 1328
23 284
24 320
24 106
24 830
24 649
24 1187
24 802
24 1304
24 274
24 587
24 588
24 1264
24 1106
24 538
25 749
25 1055
25 158
25 1255
25 47
26 783
27 131
28 1292
28 988
28 679
29 462
30 357
30 877
30 45
30 1310
30 1096
30 1123
30 243
30 215
30 1309
30 35
30 275
30 878
30 1300
31 1004
31 602
31 800
31 1262
31 226
31 269
31 389
31 917
31 272
31 1151
31 142
31 590
32 820
32 943
32 1070
32 334
32 788
32 295
32 1335
33 1014
33 1351
33 969
34 1291
34 673
34 127
34 1284
34 937
34 482
34 557
35 396
35 1034
35 571
35 1310
35 1096
35 582
35 498
35 1101
35 92
35 414
35 1198
35 940
35 446
35 979
35 1162
35 1340
35 864
35 1221
35 1276
35 371
35 380
35 120
35 758
35 794
35 620
35 631
35 725
35 136
35 853
35 638
35 751
35 460
35 896
35 866
35 220
35 738
35 822
35 985
35 661
35 1003
35 838
36 292
36 565
36 1305
36 901
36 664
37 216
37 1126
37 820
37 943
37 109
37 561
37 700
38 1154
38 1006
38 1354
38 1186
38 130
38 517
38 1303
38 166
38 1170
38 768
38 965
38 73
38 1065
38 639
38 1192
39 155
39 108
40 741
40 607
41 186
41 916
41 602
41 1083
41 266
41 246
41 910
41 513
41 989
41 1151
41 1063
41 832
41 167
41 853
41 395
42 890
42 794
42 1329
42 214
43 1277
43 66
44 1027
44 726
44 989
44 215
44 417
45 1123
45 167
45 386
45 1109
45 683
45 1061
45 267
45 186
45 837
45 676
45 877
45 140
45 1152
45 1190
45 812
45 138
45 739
45 1083
45 584
45 478
45 969
45 1002
46 621
47 564
47 1275
47 1105
47 389
47 851
47 335
47 105
47 180
47 899
47 1046
47 617
47 192
47 125
47 1055
47 236
47 685
47 62
47 820
47 1255
47 499
47 1332
48 304
48 710
48 873
48 627
48 1098
49 400
49 145
49 1087
50 417
50 1342
50 106
50 382
51 530
51 820
51 600
51 803
51 463
51 153
51 292
51 871
51 1092
52 613
52 260
52 861
52 598
53 999
53 795
53 546
54 980
54 398
54 947
54 1070
54 106
54 1235
54 58
55 923
55 943
55 158
55 1280
55 538
56 193
56 513
56 1141
56 1204
56 864
56 519
56 377
56 395
56 933
56 172
57 595
57 449
57 193
57 149
57 832
58 398
58 980
59 1216
59 796
59 127
59 75
60 165
60 1008
60 674
60 584
60 389
60 917
60 103
60 261
60 862
60 212
60 839
60 269
60 142
60 547
60 408
60 197
60 1010
60 1323
60 356
60 105
60 825
60 912
60 132
60 1282
60 1266
61 411
61 553
61 1028
61 533
62 192
62 820
62 1275
62 180
62 883
62 1305
62 292
62 391
62 899
63 844
63 87
63 748
63 72
64 1200
64 184
64 1185
64 1344
64 1142
65 1004
65 634
65 969
65 186
65 465
65 1051
65 942
66 1277
67 1081
68 584
68 1067
68 661
68 420
68 271
69 404
69 139
69 265
69 939
70 958
70 1247
71 1317
71 1330
71 876
72 1048
72 1182
72 844
72 87
72 615
72 748
72 99
73 791
73 130
73 768
73 1303
73 1170
73 965
73 1186
73 1192
74 444
74 831
74 713
75 1244
75 796
75 127
75 1216
76 375
76 193
76 323
77 1263
77 1292
77 553
77 431
77 113
77 974
77 272
77 296
77 1028
78 710
79 400
79 294
79 912
79 756
79 349
79 1171
80 943
81 337
81 832
81 972
81 1025
81 997
82 328
82 710
82 895
83 1071
83 712
83 1283
84 874
84 801
84 1147
84 1319
84 514
84 968
84 1034
84 364
84 504
84 785
84 838
84 1331
84 230
84 115
84 1219
84 1265
84 526
84 288
84 919
85 845
85 944
85 1188
85 929
85 477
85 1003
86 897
86 1107
86 346
86 121
87 1048
87 1182
87 844
87 748
87 99
88 672
88 695
88 369
88 949
88 304
88 448
88 376
88 1251
89 1313
89 854
89 766
89 596
89 1297
89 792
89 374
89 682
89 616
90 262
90 670
90 110
90 712
90 677
90 430
90 433
90 614
91 1029
92 642
92 738
92 584
92 661
92 638
93 1077
93 1040
93 819
93 354
94 345
94 1222
94 559
95 404
95 1271
95 939
95 265
95 772
95 354
95 1021
95 188
95 959
96 1176
96 177
97 961
97 927
97 533
97 885
97 909
97 215
97 247
97 134
97 806
97 411
97 723
97 1115
98 160
98 513
98 1063
98 167
98 853
98 487
99 1048
99 1182
99 615
99 748
100 498
100 523
100 1049
100 926
100 153
101 650
101 909
101 389
101 416
101 597
101 1121
101 515
101 1304
101 1040
101 1175
101 354
101 273
101 676
101 821
101 623
101 802
101 774
101 807
101 887
101 834
101 319
101 853
101 637
101 1028
101 460
101 740
101 432
101 1084
101 1306
101 1089
101 819
101 487
102 665
102 1320
102 524
102 932
102 618
102 597
102 385
102 914
102 514
102 1205
102 782
102 1040
102 162
102 122
102 304
102 1165
102 887
102 975
102 208
102 486
102 460
102 1263
102 144
102 382
102 740
102 1348
102 938
102 1167
102 558
102 1169
102 655
103 165
103 825
103 862
104 1083
104 113
104 563
105 1201
105 1224
105 992
105 862
105 367
105 1255
105 540
105 995
105 447
105 1011
106 527
106 532
106 382
106 1342
106 947
106 274
106 1235
106 612
106 417
107 160
107 513
107 951
107 518
107 1232
107 1073
107 997
108 155
108 415
109 411
109 444
109 943
109 533
109 1162
109 649
109 1126
109 1190
109 969
109 955
110 712
110 262
110 369
110 244
110 430
110 937
110 330
110 893
110 614
111 498
111 1100
111 1206
112 1082
112 500
112 1087
112 1066
113 1292
113 1263
113 1028
113 1121
113 1083
113 882
113 1209
113 686
113 739
113 974
113 431
113 1229
113 553
114 217
114 1034
114 318
115 1331
116 363
116 200
117 609
118 1118
118 1138
118 555
118 205
119 142
119 322
119 753
119 1033
120 571
120 738
120 985
120 1340
120 136
120 414
120 1003
121 897
121 1107
122 1263
122 320
122 1319
122 508
122 240
122 719
122 1165
122 887
122 208
122 1028
123 676
123 1109
123 969
123 451
123 138
123 942
124 909
124 676
124 353
125 617
125 175
125 820
125 600
125 800
125 577
125 1208
125 1105
125 1196
125 292
125 1305
125 499
125 851
125 761
125 389
125 1332
125 590
125 668
125 1100
125 1333
126 701
126 337
126 1203
126 832
127 1244
127 1005
127 796
127 903
127 799
127 151
127 482
127 1301
127 348
127 712
127 1216
127 388
127 543
127 824
127 557
127 666
128 619
128 1295
128 431
128 1209
128 270
128 1215
128 277
129 1245
129 147
130 641
130 1186
130 768
130 1303
130 1170
130 965
130 1192
132 665
132 695
132 1104
132 828
132 333
132 672
132 691
132 601
132 1207
132 408
132 1069
132 509
132 370
132 204
132 1000
132 542
132 376
132 644
132 786
132 650
132 224
132 1288
132 453
132 752
132 482
133 637
133 545
134 961
134 909
134 723
135 325
135 1279
136 191
136 571
136 738
136 985
136 1340
136 414
136 1003
137 580
138 760
138 520
138 774
138 969
138 942
139 404
139 265
139 939
140 186
140 1190
140 386
140 969
140 1002
141 918
141 1028
141 738
141 943
141 928
142 322
142 573
142 574
142 498
142 389
142 917
142 1206
142 839
142 269
142 1254
142 797
142 800
142 356
142 379
142 1033
142 239
142 1080
142 1336
142 661
142 753
143 1086
144 1348
144 1167
144 887
144 162
145 400
145 1087
146 778
146 1087
147 1245
147 845
147 929
147 1003
148 706
148 324
148 472
148 818
148 1015
148 427
148 336
148 251
148 457
149 595
149 449
149 832
150 161
150 857
150 731
151 903
151 348
151 543
151 1352
151 388
151 833
151 1281
152 981
152 1225
152 532
152 423
152 179
152 274
152 421
153 1049
153 820
153 926
153 803
153 463
153 183
153 871
154 494
155 1001
156 1259
157 1038
157 576
158 165
158 1255
158 1287
158 855
159 396
159 1095
159 1184
159 762
159 512
159 568
159 417
159 1292
159 176
159 1296
159 470
159 1162
159 481
159 1034
159 535
159 608
159 788
159 1050
159 1338
159 1238
159 300
159 717
159 735
159 984
159 823
159 1230
159 1166
159 229
159 832
159 833
159 362
159 1037
160 1073
160 323
160 602
160 513
160 951
160 1151
160 1262
160 1150
160 832
161 857
162 1292
162 1263
162 988
162 648
162 704
162 1348
162 1167
162 887
162 1212
162 1215
163 188
163 1271
163 772
163 1025
164 982
164 714
165 862
165 825
165 1255
165 855
165 212
165 1287
166 569
166 1006
166 402
166 909
166 389
166 474
166 1116
166 446
166 867
166 215
166 272
166 1060
166 1009
166 705
166 1337
166 800
166 1215
166 975
166 1065
166 550
166 727
166 409
166 737
166 1084
166 965
166 1159
167 513
167 832
167 1063
167 186
167 1002
168 1027
168 237
168 909
168 728
168 215
168 190
169 525
169 1183
169 871
169 574
169 424
170 1263
170 1250
170 740
170 880
170 1209
170 887
170 782
170 431
171 436
171 692
171 198
171 1168
171 841
171 1218
172 377
172 1204
172 864
172 519
172 933
173 243
174 1028
175 820
175 1026
175 967
175 1305
175 1333
176 1230
176 762
176 1166
176 568
177 1176
177 315
178 859
179 291
179 274
179 981
179 552
180 192
180 820
180 1275
180 712
180 635
180 899
180 417
181 428
181 417
182 1261
182 503
183 820
183 952
183 321
184 1200
184 749
184 1185
184 1142
185 828
185 464
185 376
185 962
185 1237
186 1004
186 572
186 386
186 1285
186 285
186 513
186 1061
186 942
186 529
186 1119
186 969
186 1190
186 1063
186 465
186 634
186 832
186 1051
186 1002
187 773
188 1004
188 404
188 1271
188 939
188 513
188 468
188 265
188 998
188 772
188 1025
189 1162
189 368
189 201
190 1027
190 215
190 237
191 571
191 1144
191 1141
191 1340
191 651
191 1003
192 564
192 820
192 1275
192 236
192 899
192 1046
193 323
193 1111
193 221
193 1194
193 853
193 337
193 1117
193 595
193 610
193 872
193 1203
193 602
193 266
193 864
193 519
193 997
193 776
193 1148
193 1190
193 451
193 375
193 497
193 245
193 1232
193 910
193 969
193 916
193 310
194 982
194 387
195 962
195 262
195 369
195 712
195 893
195 376
196 930
197 1323
197 674
197 862
198 501
198 749
198 841
198 1243
199 536
200 363
201 1162
201 368
202 798
202 690
202 1161
202 256
202 1319
202 719
202 687
202 484
203 675
203 649
203 716
203 584
203 1179
203 591
203 1140
204 302
204 605
204 1207
204 1303
204 453
204 702
204 482
205 1118
205 228
205 555
206 648
206 597
206 1006
207 584
207 339
207 538
208 320
208 1165
208 887
208 1263
208 1028
209 345
209 1003
210 507
210 1195
210 852
211 1334
212 256
212 862
212 513
212 1010
213 819
213 1343
214 1329
215 909
215 247
215 474
215 417
215 961
215 1128
215 1027
215 950
215 531
215 726
215 785
215 1056
215 885
215 989
215 728
215 458
215 409
215 550
215 237
215 413
215 747
216 406
216 561
216 943
217 351
217 1034
217 847
217 909
217 249
218 1355
218 1254
219 889
220 582
221 701
221 853
221 1148
221 487
222 684
223 328
223 895
223 399
224 665
224 786
224 376
224 1237
225 1132
225 977
226 1004
226 800
226 389
227 1263
227 258
227 299
227 534
227 1257
227 476
227 974
227 1028
227 1093
228 1324
228 365
229 982
229 901
229 1184
229 481
229 535
229 934
229 336
230 526
230 508
230 514
230 422
230 1127
230 789
230 1219
230 1319
230 774
230 1316
230 719
230 887
230 640
230 1161
230 737
230 906
230 648
230 1348
230 1265
230 838
231 1271
231 711
231 574
231 946
231 290
231 344
232 1352
232 706
232 795
232 982
233 684
234 1268
234 975
234 417
235 1134
235 1289
235 1158
236 396
236 564
236 685
236 1046
237 1027
238 1083
238 475
238 653
238 339
239 1031
239 313
241 1254
241 777
241 468
241 881
241 290
241 313
241 1179
241 954
241 1090
241 278
241 732
242 570
242 605
242 730
242 819
242 581
243 1319
243 1310
243 1123
243 1219
243 1034
243 853
244 937
244 253
244 262
244 729
245 832
245 610
245 1190
245 451
245 1111
245 969
245 310
246 1083
246 1063
247 961
247 885
247 909
247 989
248 1004
248 468
248 1234
248 781
249 909
249 1034
249 576
250 482
250 494
250 1192
251 1032
251 457
251 324
251 481
251 754
251 577
251 1015
251 1192
251 934
251 336
251 819
251 482
251 668
252 625
252 973
253 870
253 274
253 743
254 460
255 328
256 484
256 1319
256 687
256 690
257 621
257 811
257 423
257 274
257 552
258 1263
258 1209
259 1293
260 598
260 861
260 539
260 313
260 613
261 584
261 484
261 1282
262 937
262 712
262 879
262 670
262 330
262 677
262 430
262 336
262 893
262 433
262 369
262 614
263 440
263 542
264 374
264 276
264 365
264 1199
265 404
265 939
265 772
265 1271
266 916
266 395
266 910
267 676
267 578
267 584
267 1109
267 837
267 703
268 842
268 863
268 827
268 1011
268 1256
268 784
269 839
269 800
269 389
269 917
269 272
269 590
269 356
270 817
270 1263
270 622
270 1209
270 1165
270 974
270 431
270 1028
270 277
270 575
270 358
272 1292
272 988
272 551
272 646
272 800
272 409
272 389
272 1212
272 296
272 590
272 1006
272 1306
273 1263
273 1028
273 597
273 1175
274 1244
274 421
274 532
274 986
274 1103
274 605
274 423
274 981
274 291
274 388
274 410
274 811
274 552
274 1225
274 417
275 1310
276 620
276 365
276 1199
276 1243
277 1215
277 880
277 1209
277 405
277 431
278 954
279 562
279 560
279 1319
279 366
280 868
280 953
281 1015
281 381
282 846
282 822
283 1318
283 1104
283 1000
284 1328
285 634
285 465
285 1051
285 942
286 1083
287 1261
287 1220
288 522
288 699
289 1321
289 835
289 1160
290 603
290 777
290 574
290 468
290 663
290 344
290 313
290 1259
290 1179
290 355
290 711
291 1244
291 981
291 388
291 552
292 565
292 923
292 677
292 1282
292 964
292 417
292 600
292 1305
292 530
292 943
292 883
292 463
292 761
292 1335
292 901
292 820
292 1166
292 830
292 1208
292 391
292 1092
292 664
293 771
294 400
294 912
294 756
294 349
294 1171
295 820
295 943
295 1070
295 334
295 788
295 1335
296 1292
296 551
296 1083
296 648
296 431
296 332
296 1165
296 1306
297 918
298 312
298 1322
299 534
299 1257
299 1093
300 823
300 1050
300 1037
301 350
301 860
301 1030
302 482
302 755
302 605
302 1303
303 793
304 1161
304 1319
304 906
304 887
304 975
304 1318
305 626
305 401
306 619
306 1040
306 1306
306 431
307 1269
307 1301
307 1228
308 1255
309 804
309 1101
309 460
309 838
310 832
310 610
310 451
310 969
311 1013
311 899
311 964
311 1166
312 1322
312 1011
313 1200
313 1100
313 779
313 777
313 574
313 468
313 510
313 1041
313 598
313 808
313 1179
313 525
313 1031
313 434
313 1350
314 978
316 1191
316 548
316 814
316 1149
317 647
318 1239
318 1231
318 1034
318 1136
319 583
319 807
319 774
320 588
320 1028
321 820
321 822
321 952
321 1307
321 657
321 346
323 602
323 832
323 521
323 1151
323 1262
323 1150
323 375
324 1095
324 668
324 577
324 724
324 1015
324 934
324 336
324 338
324 1192
324 941
324 481
324 611
324 966
324 1146
324 457
324 1032
324 734
324 1085
324 754
324 848
324 819
324 482
325 1279
326 908
326 1273
326 766
327 763
327 1253
327 859
328 399
328 445
328 1326
328 895
328 1132
328 447
328 1011
328 958
329 707
329 900
330 712
330 666
330 1301
330 369
330 629
330 893
330 856
331 745
331 498
331 820
332 1292
332 1061
333 672
333 376
333 644
333 695
334 1070
334 943
334 788
335 1263
335 379
335 470
335 649
335 1318
335 685
336 898
336 982
336 879
336 712
336 1015
336 457
336 901
337 595
337 1203
337 1034
337 846
337 910
337 972
337 1194
337 853
337 1265
337 1117
337 776
337 832
338 1015
338 1085
338 724
338 966
339 1083
339 1277
339 584
339 475
339 653
339 538
340 936
340 514
340 868
340 505
341 342
341 1349
342 1349
343 1140
343 591
343 716
343 675
344 711
344 441
344 574
344 579
344 424
344 814
345 559
345 1087
345 1003
346 897
346 603
346 663
347 1346
347 1024
347 1313
347 1270
348 681
348 388
348 903
349 1171
349 912
349 447
350 860
350 1030
351 460
351 838
352 1266
352 884
352 931
352 873
353 676
353 648
353 1034
353 909
353 989
353 726
354 819
354 513
354 1077
354 649
354 865
354 886
354 1084
354 1040
354 915
354 790
354 1021
354 652
354 473
354 1177
354 959
355 603
355 663
356 839
356 674
356 389
356 917
356 1266
357 1300
357 877
357 1309
358 1263
358 704
358 1165
358 1209
358 431
359 1143
359 780
359 490
359 407
360 388
360 668
360 1196
361 1089
361 697
361 516
361 585
361 788
362 608
364 801
364 504
364 1331
364 1147
365 1199
365 1324
367 995
368 1162
369 962
369 712
369 893
369 1251
369 376
370 509
370 376
371 940
371 866
371 725
371 1276
372 1125
372 1145
373 506
373 541
373 491
374 1297
374 1213
374 766
375 602
375 521
375 1151
375 832
375 1150
376 665
376 695
376 1071
376 994
376 672
376 644
376 962
376 712
376 1237
376 509
376 448
376 1069
376 464
376 786
376 828
376 660
377 519
377 933
377 1204
378 417
379 470
379 455
379 685
379 417
380 1101
380 460
380 838
381 1015
382 1342
382 558
382 887
382 417
383 1078
383 667
383 624
384 720
384 1003
384 1019
385 618
385 1263
385 1320
385 932
385 887
385 486
386 1061
386 1190
386 1002
386 969
387 617
387 1334
387 982
388 1244
388 981
388 820
388 903
388 481
388 681
388 1326
388 1281
388 543
388 1017
388 668
389 1004
389 921
389 1105
389 1080
389 499
389 917
389 851
389 590
389 1116
389 416
389 797
389 632
389 839
389 1045
389 688
389 800
389 637
389 1028
389 717
389 1336
389 1089
389 661
390 445
391 820
391 883
391 1305
391 1208
391 664
392 1004
392 1202
392 468
392 1034
392 1255
392 1066
392 846
392 1090
392 1046
393 1347
394 1018
394 813
394 744
394 858
394 987
395 411
395 522
395 533
395 1141
395 910
395 519
395 504
396 1143
396 1292
396 717
396 735
396 1162
396 1034
396 1255
396 1083
396 498
396 904
396 971
397 1087
398 980
399 895
400 1087
400 756
401 626
402 1060
402 1009
402 1084
402 569
403 1083
403 754
403 819
404 939
404 1271
404 772
405 880
405 1209
406 943
407 1143
407 780
407 490
408 1206
408 498
408 1088
408 594
409 909
409 1006
409 474
410 981
411 444
411 533
411 703
411 1141
411 578
411 699
411 909
411 1053
411 955
411 649
412 649
413 1056
413 1128
413 885
413 531
413 458
414 571
414 985
414 1340
414 1003
416 1089
416 637
417 1268
417 1097
417 1275
417 712
417 667
417 1120
417 511
417 513
417 537
417 1305
417 425
417 428
417 1079
417 1047
417 769
417 532
417 624
417 832
417 1311
417 989
417 975
417 1334
417 899
417 830
417 656
417 1325
417 635
418 485
418 802
419 956
419 625
419 601
420 661
420 1067
420 584
421 1225
422 719
422 1161
422 1319
422 906
423 532
423 811
423 552
424 574
424 441
425 537
425 1079
426 548
427 818
427 1015
427 472
429 1084
430 621
430 1081
430 479
430 483
430 614
430 1032
431 988
431 880
431 1016
431 1292
431 622
431 1209
431 1215
431 817
431 619
431 1054
431 1165
431 974
431 1028
431 1263
431 1306
431 553
432 821
432 515
432 597
432 1252
433 1015
433 669
434 777
434 574
434 779
434 1041
434 540
434 1350
435 628
436 841
437 466
438 484
438 1130
438 566
439 459
440 1191
440 1108
440 470
441 777
441 574
441 468
441 808
441 1179
441 510
442 718
442 1064
443 1308
444 533
444 649
444 955
444 713
444 831
445 629
445 1039
445 1326
446 975
446 473
447 742
447 1302
447 1011
447 500
447 912
447 559
447 1191
447 1171
447 684
447 662
447 1314
448 1069
448 672
449 595
449 832
450 548
450 1135
450 944
451 832
451 610
451 1190
451 1109
451 1111
451 969
452 641
452 654
452 1319
453 650
453 1207
453 1104
453 1000
453 482
454 513
454 972
454 1294
454 832
456 1191
456 1135
456 1283
457 1015
458 1056
458 1128
458 885
458 531
460 618
460 979
460 1096
460 887
460 1101
460 853
460 838
461 1202
461 542
463 530
463 820
463 600
463 803
463 871
463 1092
464 828
464 962
464 1237
465 634
465 1051
465 942
467 1206
467 468
467 749
467 498
467 594
467 1243
468 1004
468 1271
468 1206
468 846
468 498
468 1031
468 772
468 1100
468 594
468 777
468 1034
468 574
468 525
468 781
468 1043
468 1234
468 1179
468 642
468 484
468 998
469 694
470 717
470 548
470 1338
470 1034
470 1191
470 1108
470 1296
470 756
470 815
470 685
471 494
472 818
472 1015
473 1084
473 790
473 652
474 909
474 550
475 1083
475 653
476 1028
476 478
476 974
477 1188
479 483
479 621
480 888
480 1178
481 820
481 934
481 848
481 535
481 1184
481 611
482 671
482 577
482 673
482 581
482 755
482 1192
482 934
482 1225
482 941
482 668
482 1022
482 605
482 1207
482 1303
482 843
482 1284
482 702
482 557
482 1291
482 799
482 1032
482 937
482 754
482 996
482 819
483 621
484 642
484 594
484 1319
484 584
484 809
484 1130
484 498
484 687
484 1043
484 1031
484 690
484 1100
485 802
486 618
486 1263
486 1320
486 932
486 887
487 1148
487 1040
487 1063
487 701
487 853
488 1200
488 678
488 1072
489 1241
489 931
490 1143
490 780
491 506
491 541
492 787
493 584
493 1164
495 736
495 1319
496 1137
497 757
497 689
497 997
497 872
498 1004
498 1206
498 1031
498 594
498 1162
498 1239
498 1034
498 1036
498 574
498 957
498 523
498 809
498 820
498 998
498 1345
498 1088
499 617
499 1105
499 851
499 1332
499 820
500 742
500 1066
500 1082
500 1087
501 643
501 749
501 1131
501 1218
502 1131
502 715
504 522
504 801
505 1263
505 868
505 1246
505 1035
506 541
507 1195
507 852
508 1319
508 798
508 1316
508 719
509 672
510 808
510 1179
511 516
511 788
512 823
512 608
512 1037
513 1271
513 772
513 1025
513 1325
513 602
513 864
513 519
513 951
513 933
513 997
513 989
513 1151
513 1063
513 975
513 853
513 1073
513 820
513 649
513 915
513 832
513 916
514 618
514 1265
514 1319
514 713
514 887
514 1219
514 1348
514 938
514 1040
514 868
514 936
514 592
514 526
514 838
515 807
515 802
515 623
516 788
517 1154
517 639
517 1354
517 1156
518 571
518 1340
518 720
518 1232
518 997
518 1003
519 1008
519 1141
519 1204
519 864
519 933
520 1102
520 760
521 1150
521 602
521 832
522 699
523 600
523 1206
524 597
524 740
524 887
524 884
524 1040
524 1169
524 655
525 1183
525 574
525 1091
525 871
526 1319
526 1219
526 1348
526 887
526 1265
526 838
527 612
527 1342
527 1235
528 1069
529 1119
529 572
530 820
530 566
530 1042
530 1130
530 1092
531 1056
531 1128
531 885
532 605
533 1053
533 1141
533 578
533 703
533 909
533 955
533 699
533 649
534 1257
534 1093
535 1184
535 1163
535 934
537 769
537 1334
538 822
538 649
538 578
538 1280
538 584
538 1259
539 1031
539 1130
540 1255
543 681
543 1017
543 1308
544 718
545 637
545 764
546 999
546 795
547 1282
547 1008
548 944
548 1149
549 807
550 909
551 1292
551 988
551 648
551 1165
551 1306
552 986
552 1103
552 981
552 811
553 1263
553 974
553 1028
554 636
554 1261
555 1118
555 1138
556 1286
557 605
557 581
558 1292
558 1263
558 1209
558 887
559 1012
559 1108
559 1191
559 1087
560 1181
560 1319
560 562
560 649
560 832
560 1318
561 943
561 700
562 1319
563 1083
564 1046
565 820
565 1305
565 761
565 1335
566 1130
567 1094
567 782
568 1230
568 762
568 1166
569 1060
569 1009
569 1084
570 1352
570 605
570 581
570 730
571 738
571 985
571 1141
571 1340
571 864
571 720
571 751
571 1003
572 1119
573 1080
574 711
574 1100
574 779
574 663
574 1350
574 777
575 817
575 1257
575 1250
575 974
575 1028
576 983
576 1023
576 822
576 715
576 1227
576 1034
576 846
576 1038
576 990
576 1100
577 754
577 668
577 1196
577 1015
577 1192
577 819
578 1053
578 584
578 703
578 699
579 814
581 641
581 605
581 1327
581 1352
582 1223
582 709
584 1109
584 837
584 703
584 676
584 1053
584 1179
584 638
584 1067
584 661
584 642
584 738
584 822
584 649
584 1164
584 1282
584 918
585 1089
585 788
585 697
585 1215
586 1132
587 1187
588 830
589 945
589 1157
590 800
591 675
591 894
591 716
591 1140
592 887
592 1348
592 1319
593 1155
593 691
594 1004
594 642
594 1206
594 998
594 1036
594 1088
595 1034
595 846
595 832
595 910
596 1297
596 1313
596 766
597 1175
597 648
597 887
597 740
597 821
597 1028
597 1169
598 861
598 613
599 1083
599 1034
599 1023
599 846
600 820
600 1206
600 1208
600 677
600 1305
600 761
600 1335
601 625
601 691
601 956
602 780
602 832
602 1151
602 1262
602 1150
602 989
603 663
604 680
604 1137
605 730
605 1303
605 1352
605 819
606 698
606 920
606 1189
607 741
610 969
610 832
611 1163
611 848
612 1342
613 861
614 758
614 729
614 712
615 748
616 1297
616 766
616 810
616 682
617 641
617 773
617 1133
617 1105
617 765
617 851
617 1332
617 1334
617 820
618 1320
618 740
618 887
618 938
618 932
618 1348
618 1040
618 1229
619 924
619 1209
619 1040
619 1306
620 758
620 794
622 1263
622 1028
622 1209
623 884
623 931
623 807
623 1306
623 1261
623 873
624 667
625 956
625 973
626 922
627 1098
629 712
630 1180
630 957
630 1100
630 1206
631 979
631 738
631 853
631 1198
631 896
632 688
632 800
632 921
632 839
633 902
634 1051
634 942
635 1275
635 1301
635 712
635 893
635 899
635 824
636 1261
637 1089
638 738
638 1053
638 661
638 1067
638 918
639 1154
639 1354
639 1156
639 965
640 1127
640 789
640 1219
640 1319
641 773
641 765
641 1217
644 672
644 695
645 745
645 1240
646 1292
648 1292
648 909
648 1319
648 704
648 1034
648 988
648 1127
648 1165
648 887
648 1263
648 737
649 849
649 1020
649 1318
649 1162
649 955
649 1179
649 991
649 1242
649 915
649 831
649 652
650 1104
650 1040
650 1000
650 819
651 1162
651 1141
651 1144
652 1020
652 1084
652 790
652 1242
653 1083
654 717
654 1145
654 1319
654 1103
654 891
654 1291
655 665
655 887
655 1348
658 668
659 776
659 708
659 743
659 1093
660 994
660 1226
660 911
661 797
661 1185
661 1080
661 805
661 1336
661 1067
661 738
661 1122
662 1302
662 1314
663 1259
664 901
664 883
664 1305
664 1208
664 820
665 786
665 887
666 1005
666 856
666 799
666 670
666 1301
666 712
666 1040
666 899
668 754
668 1015
668 1196
668 1192
668 935
668 1352
668 819
669 1173
670 677
670 1301
671 1022
671 1225
671 1192
672 786
672 752
672 838
673 1291
673 1303
673 755
673 1284
673 937
674 862
674 1266
674 1010
674 1323
675 894
675 716
675 1140
676 774
676 909
676 1211
676 750
676 1109
676 837
677 1133
677 770
677 761
677 1068
677 820
678 1072
679 1292
679 988
680 1137
681 1017
682 792
682 766
683 1083
683 739
686 1229
686 1121
686 739
686 1083
686 882
686 1028
687 690
687 1319
688 800
688 921
689 757
689 872
689 997
690 1319
691 1155
691 856
692 1168
692 1218
693 1239
696 765
697 1089
697 1215
697 788
698 920
698 1189
699 1053
699 703
700 814
700 943
701 1148
701 853
702 1173
702 1207
703 1053
704 1263
704 1165
704 887
706 1352
706 1015
706 982
707 900
708 1112
708 743
708 1093
710 712
711 1271
711 946
712 1005
712 1275
712 856
712 893
712 1301
712 962
712 799
712 899
712 879
712 824
713 1319
713 868
713 936
713 831
714 1015
714 982
714 901
715 1100
716 894
716 1140
717 1296
717 1034
717 1338
718 1064
719 1161
719 1319
719 798
719 906
719 1124
720 1340
720 1019
720 1003
721 1249
722 1059
722 963
723 909
724 1015
724 1085
724 966
725 940
725 866
726 909
726 989
726 1027
727 867
727 1337
727 1159
728 785
728 989
728 909
728 950
728 747
729 758
730 819
731 1306
731 774
732 1254
733 905
733 820
734 1085
734 966
735 1162
735 1292
736 1319
737 1127
737 1319
737 1034
738 979
738 853
738 1340
738 864
738 896
738 751
738 918
738 1067
738 1003
739 1083
739 882
739 1229
739 812
740 1263
740 887
740 1348
740 1229
740 782
740 1169
740 1121
740 1028
743 1022
743 870
743 819
743 1093
744 1049
744 1206
744 862
744 987
745 1240
746 1044
747 909
747 950
747 785
748 844
749 1274
749 1179
749 841
749 1243
750 837
751 985
751 1340
752 786
752 913
753 1033
753 797
753 805
754 1192
754 819
755 1303
757 872
757 997
758 794
759 1180
761 820
761 1208
761 1305
761 1333
761 1140
761 1335
762 1095
762 1230
762 1166
763 859
765 773
766 1210
766 1297
766 908
766 792
766 810
766 1273
767 826
767 1197
767 1011
767 816
768 1186
768 1303
768 1170
768 965
768 1192
769 1334
770 1133
770 1343
770 1068
772 1004
772 1271
772 939
772 998
772 1025
773 840
773 970
774 1306
775 1076
777 1200
777 1041
777 1179
777 779
777 1350
778 1087
779 1350
780 1143
780 1151
780 1150
781 1004
781 900
781 1298
782 1263
782 1094
782 1124
782 914
782 887
782 1260
784 863
784 827
784 1256
785 909
785 950
788 1296
788 943
788 1338
788 1070
788 1089
789 1319
789 1127
789 1219
790 1084
791 840
791 970
794 1329
795 999
795 982
796 1216
797 1200
797 1033
797 1122
797 1185
797 805
797 1080
797 1336
797 1043
797 1344
798 1161
798 1319
798 1124
799 1005
799 1301
799 1326
799 1284
799 1216
800 1116
800 917
800 1004
800 921
800 839
801 1147
801 1331
802 807
802 1264
803 871
803 820
804 838
805 1033
805 1185
805 1043
805 1122
806 909
806 927
806 1115
808 1179
810 1297
812 888
814 845
814 1007
814 943
814 1149
814 1191
814 1087
814 1315
817 1209
817 1257
817 1250
817 974
817 1028
818 1015
819 1318
819 1192
819 865
819 1040
819 886
819 1077
819 1177
820 1026
820 1275
820 1105
820 851
820 1126
820 1208
820 1305
820 899
820 1332
820 943
820 883
820 967
820 1335
820 1140
820 905
820 952
820 1092
820 1333
821 1252
822 1272
822 1008
822 1341
822 846
822 1353
822 1043
822 948
822 1307
822 1101
822 836
823 1050
823 1037
824 1005
824 1301
824 893
825 1090
825 862
826 1197
826 1011
827 1256
827 863
828 962
828 1288
829 1015
830 1305
831 849
831 991
832 1194
832 853
832 910
832 1203
832 1319
832 1057
832 1063
832 972
832 969
832 1150
832 1265
833 1352
833 1281
833 903
834 1175
835 1321
835 1160
836 948
836 1272
837 1109
838 1265
838 1055
838 1255
838 1219
838 1348
838 1319
838 887
838 1101
839 921
839 917
840 970
841 1243
842 863
842 1256
844 1182
845 929
845 1003
846 1004
846 1034
846 1023
846 985
846 1340
846 910
846 1101
846 1153
846 892
849 991
849 1267
850 1327
850 1278
851 1105
851 1332
852 1195
853 1096
853 1194
853 1198
853 979
853 1034
853 1040
853 1294
853 1148
853 1063
853 896
853 972
854 1210
855 1287
855 1255
856 1301
857 1011
858 1018
859 1000
859 1172
859 1233
859 1214
859 1253
859 1129
860 1030
862 1323
862 1010
862 1090
863 1256
864 1204
865 1040
865 1177
866 940
867 1159
867 1337
868 953
868 936
869 1288
870 1022
870 982
871 1183
871 1049
871 926
872 997
873 884
873 931
873 1306
874 1265
874 1147
875 1250
875 1263
875 925
876 1317
876 1330
877 1123
878 1123
880 1209
880 1215
882 1229
882 1121
882 1083
882 1028
883 1305
883 1208
884 931
884 1040
884 1306
885 961
885 1056
885 1128
885 909
886 1040
887 1348
887 1320
887 932
887 914
887 1205
887 1040
887 906
887 1319
887 1165
887 1169
887 1121
887 1028
887 1263
887 1229
887 1161
887 938
887 1167
888 1178
891 1145
891 1319
892 985
892 1340
892 910
893 1301
894 1140
895 958
896 979
897 1107
898 982
899 1275
899 1013
899 1301
899 1040
899 964
900 1004
900 1298
901 982
901 1305
901 1015
903 1244
903 1352
903 1281
906 1161
906 1319
906 1219
907 948
908 1210
908 948
908 1273
909 927
909 961
909 1023
909 1115
909 1034
909 950
909 1304
909 989
909 1306
910 1340
910 985
910 1034
910 916
911 1226
912 1323
912 1171
913 1355
914 1263
916 1063
918 1067
919 1265
920 1189
921 1174
923 964
923 943
923 1166
923 1282
924 1054
924 1215
925 1263
926 1049
927 1115
928 1052
928 1028
928 943
929 1003
931 1266
931 1306
932 1263
932 1320
933 1204
933 1025
934 941
934 1032
935 1352
937 1291
937 1284
938 1205
938 1040
939 1271
940 1276
941 1032
941 1303
942 1004
942 969
942 1051
943 1026
943 1282
943 1070
943 1126
943 1305
943 964
943 1028
943 1335
943 1166
944 1003
945 1157
946 1271
947 1235
949 1251
951 1073
957 1100
957 1153
958 1132
958 1247
959 1021
959 1040
960 1236
963 1059
964 1013
964 1166
964 1282
965 1154
965 1006
965 1354
965 1186
965 1303
965 1170
965 1065
965 1192
966 1085
968 1034
969 1004
969 1109
969 1111
969 1014
969 1190
969 1351
969 1002
971 1143
972 979
972 1294
974 1263
974 1028
975 1325
976 1108
976 1191
976 1149
976 1290
977 1132
979 1096
979 1294
979 1198
981 1103
982 1133
982 1015
982 1352
984 1238
985 1340
985 1003
988 1292
988 1212
989 1151
990 1239
993 1334
996 1303
997 1325
997 1203
997 1232
997 1194
997 1025
998 1004
998 1271
1000 1104
1000 1318
1000 1172
1002 1190
1003 1019
1003 1340
1003 1141
1003 1248
1004 1271
1004 1298
1004 1034
1004 1156
1004 1234
1005 1301
1005 1216
1006 1084
1006 1065
1007 1315
1008 1200
1008 1282
1009 1060
1009 1084
1011 1256
1011 1197
1012 1191
1012 1108
1013 1166
1014 1351
1015 1068
1015 1085
1016 1306
1020 1242
1022 1192
1023 1034
1024 1346
1024 1270
1024 1313
1025 1271
1026 1333
1026 1305
1028 1121
1028 1209
1028 1175
1028 1263
1028 1229
1028 1250
1028 1257
1028 1306
1031 1345
1031 1043
1031 1100
1034 1162
1034 1227
1034 1296
1034 1338
1034 1083
1035 1263
1036 1239
1037 1050
1040 1301
1040 1077
1040 1306
1040 1177
1041 1200
1041 1179
1042 1200
1042 1130
1043 1341
1043 1100
1043 1122
1044 1291
1046 1066
1046 1090
1049 1206
1053 1067
1054 1215
1054 1209
1055 1224
1055 1255
1055 1201
1056 1128
1058 1139
1060 1084
1061 1292
1062 1226
1062 1114
1063 1083
1066 1082
1066 1090
1066 1087
1068 1133
1071 1283
1072 1318
1074 1249
1075 1133
1080 1254
1080 1336
1082 1087
1083 1255
1087 1315
1088 1206
1090 1185
1090 1142
1093 1257
1095 1230
1095 1146
1096 1310
1097 1311
1099 1316
1099 1319
1100 1153
1104 1318
1105 1332
1108 1191
1110 1261
1111 1190
1113 1292
1117 1203
1118 1138
1119 1285
1120 1268
1120 1312
1121 1229
1122 1185
1124 1319
1127 1319
1127 1219
1129 1233
1129 1172
1129 1214
1130 1162
1131 1218
1134 1289
1134 1158
1135 1191
1136 1239
1136 1231
1140 1335
1141 1144
1141 1340
1142 1185
1142 1200
1145 1319
1147 1331
1149 1191
1149 1290
1150 1151
1150 1262
1151 1262
1154 1354
1154 1156
1158 1289
1159 1337
1160 1321
1161 1319
1162 1292
1165 1263
1165 1292
1165 1209
1166 1230
1166 1282
1167 1348
1168 1218
1170 1186
1170 1303
1170 1192
1172 1233
1173 1258
1176 1299
1179 1200
1184 1238
1185 1200
1186 1303
1186 1192
1187 1338
1189 1193
1192 1303
1200 1344
1201 1224
1201 1255
1202 1255
1208 1305
1209 1292
1209 1215
1209 1263
1209 1250
1209 1306
1212 1292
1216 1244
1216 1301
1219 1319
1219 1265
1220 1261
1224 1255
1228 1269
1229 1348
1231 1239
1233 1253
1235 1342
1244 1281
1250 1263
1250 1257
1254 1336
1255 1332
1255 1287
1259 1280
1263 1320
1263 1292
1265 1319
1269 1301
1270 1346
1278 1327
1281 1352
1284 1291
1292 1306
1296 1338
1300 1309
1304 1306
1305 1333
1305 1335
1316 1319
1317 1330
1319 1348