1274 3343
0 516
0 784
0 591
1 1168
1 710
2 285
2 729
3 223
4 952
4 1266
5 768
5 1175
5 546
5 1179
5 912
5 413
5 963
6 473
6 897
6 985
6 1157
7 611
7 476
8 158
8 903
8 101
8 103
8 809
8 190
8 205
8 775
8 1244
8 638
8 104
8 555
8 1202
8 998
8 127
8 944
8 253
8 693
8 1188
8 519
9 186
9 508
9 425
9 237
9 1160
9 429
9 1040
9 908
9 950
10 984
11 82
11 1187
11 1076
11 821
12 917
12 56
12 53
12 383
13 1258
14 792
14 810
14 1178
14 260
14 782
14 327
14 1187
15 407
15 1159
15 510
15 1254
16 609
16 118
16 640
16 771
16 700
16 1010
16 1198
16 1138
16 454
16 456
16 414
16 840
16 769
16 329
16 529
17 134
17 179
17 371
17 1160
17 908
17 529
17 938
18 1026
18 153
18 1112
18 497
18 78
18 799
18 374
18 877
18 313
18 170
18 459
18 1029
18 580
18 411
18 748
18 1074
18 279
18 963
18 770
18 1091
18 1011
18 245
18 221
18 788
19 451
19 1016
19 976
19 342
19 972
19 619
19 899
20 34
20 803
20 600
20 1216
20 842
21 498
21 303
21 649
21 545
22 1249
22 276
23 309
23 558
23 616
23 757
23 1225
23 1203
23 350
23 559
23 1186
23 382
23 511
24 990
24 151
24 1177
24 46
25 739
26 515
26 373
26 122
26 337
26 847
27 901
27 925
27 311
28 440
29 344
29 824
29 529
29 1231
29 1027
29 657
29 235
29 970
29 1230
29 34
29 267
29 825
29 1221
30 940
30 572
30 755
30 1184
30 218
30 333
30 374
30 861
30 264
30 1080
30 745
30 561
31 1145
31 893
32 770
32 885
32 1004
32 324
32 678
32 287
32 1255
33 1071
33 122
33 637
33 872
33 880
33 864
33 1180
34 381
34 969
34 542
34 1231
34 1197
34 1027
34 553
34 473
34 1032
34 397
34 883
34 423
34 1216
34 966
34 1259
34 1149
34 358
34 366
34 115
34 117
34 773
34 590
34 600
34 688
34 131
34 803
34 438
34 842
34 813
34 212
34 772
34 922
34 712
34 939
34 787
35 284
35 1226
35 845
35 630
36 885
36 106
36 533
36 1055
36 663
37 1083
37 942
37 1272
37 1114
37 125
37 492
37 1224
37 159
37 1098
37 943
37 147
37 71
37 999
37 607
37 1120
38 105
39 702
39 576
40 179
40 860
40 572
40 1010
40 258
40 238
40 854
40 488
40 359
40 1080
40 997
40 782
40 160
40 803
40 380
41 836
41 773
41 815
41 207
42 1198
42 64
43 962
43 744
43 359
43 970
44 79
44 743
44 465
44 346
45 591
46 1237
46 587
46 185
46 770
46 120
46 103
46 990
46 1177
46 1158
46 374
46 1035
46 982
46 325
46 1252
46 474
46 648
46 801
47 673
47 820
47 597
47 233
48 385
48 138
48 1018
49 400
49 1261
49 350
49 368
50 441
50 1023
50 503
50 284
50 770
51 1136
51 252
51 808
51 568
52 935
52 750
52 518
53 917
53 56
53 383
54 1185
54 480
55 566
55 427
55 186
55 142
55 782
56 383
56 917
57 1047
57 114
57 527
58 1143
58 751
58 122
58 73
59 737
59 770
59 488
60 525
60 963
61 1051
61 483
61 1030
61 222
62 795
62 85
62 708
62 70
63 1128
63 658
63 1113
63 1263
63 1069
64 1198
65 1015
66 263
67 257
67 133
68 898
68 167
69 1238
69 1250
69 823
70 984
70 1110
70 795
70 85
70 585
70 708
70 97
71 1114
71 125
71 943
71 1224
71 1098
71 147
71 1120
72 1075
72 781
72 676
73 671
73 751
73 122
73 1143
74 362
74 186
74 312
75 1185
75 901
75 525
75 413
75 110
75 912
75 264
75 288
75 963
76 673
77 385
77 681
77 104
77 716
77 692
77 1099
78 885
79 381
79 465
79 743
79 346
79 783
80 673
81 1005
81 1204
82 756
82 1076
82 351
82 907
82 969
82 1251
82 821
82 1187
82 479
82 280
82 863
83 455
83 1116
83 886
83 939
84 843
84 1037
84 335
84 116
85 984
85 1110
85 795
85 708
85 97
86 636
86 314
86 890
86 295
86 426
86 363
86 819
87 1234
87 1219
87 725
87 302
87 1218
87 361
87 645
87 747
88 254
88 635
88 107
88 675
88 641
88 412
88 415
88 584
89 964
90 1264
90 446
90 449
90 473
90 512
90 303
90 979
90 461
90 649
91 1020
91 976
91 536
91 342
92 334
92 1150
92 531
93 389
93 1193
93 882
93 257
93 730
93 342
93 956
93 181
93 899
94 1104
94 171
95 871
95 394
95 506
95 853
95 129
95 878
95 686
95 1044
96 154
96 488
96 997
96 160
96 803
96 463
97 984
97 1110
97 585
97 708
98 985
98 1240
98 870
99 617
99 853
99 374
99 399
99 567
99 1050
99 490
99 1225
99 976
99 1103
99 342
99 265
99 640
99 771
99 593
99 757
99 830
99 761
99 834
99 784
99 308
99 605
99 963
99 438
99 701
99 414
99 1016
99 1266
99 1021
99 536
100 631
100 370
100 875
100 229
100 858
100 489
100 1133
100 738
100 976
100 177
100 718
100 295
100 1094
100 834
100 913
100 201
100 290
100 438
100 1185
100 137
100 368
100 701
100 228
100 881
100 1096
100 530
100 703
100 622
101 158
101 775
101 809
102 1010
102 110
102 535
103 1129
103 1152
103 809
103 354
103 1177
103 513
103 931
103 928
104 424
104 681
104 1244
104 692
104 1099
105 398
106 394
106 885
106 506
106 966
106 616
106 1055
106 1160
106 908
106 895
107 675
107 254
107 356
107 236
107 412
107 880
107 320
107 839
107 584
108 1000
108 1050
108 700
108 1010
108 829
108 110
108 963
109 1018
110 1185
110 963
110 1050
110 1010
110 829
110 1135
110 700
110 912
110 413
110 1000
110 525
111 209
111 969
111 307
112 189
112 193
113 578
114 1047
114 527
114 198
115 542
115 922
115 1259
115 131
115 397
115 939
116 843
116 1037
117 773
117 590
117 584
117 581
119 853
119 640
119 341
120 587
120 169
120 770
120 570
120 755
120 548
120 1265
120 1035
120 1124
120 284
120 1226
120 474
120 801
120 376
120 374
120 1252
120 561
120 633
120 1025
121 664
121 327
121 1131
121 782
122 671
122 941
122 751
122 847
122 754
122 864
122 172
122 337
122 675
122 1143
122 373
122 515
122 774
122 1180
122 632
123 589
123 413
123 1135
123 262
123 1142
123 269
124 1170
124 140
125 609
125 1114
125 943
125 1224
125 1098
125 147
125 1120
126 892
127 314
127 1034
127 778
127 323
127 636
127 135
127 571
127 1134
127 903
127 484
127 357
127 197
127 936
127 603
127 363
127 1003
127 612
127 617
127 1209
127 431
127 713
127 864
128 605
128 517
129 1213
129 853
129 686
130 296
130 1200
131 184
131 542
131 922
131 1259
131 397
131 939
132 551
133 389
133 257
133 882
134 179
134 1160
134 371
134 908
134 529
134 938
135 165
135 564
135 805
135 571
136 1017
137 703
137 1096
137 834
137 177
138 385
138 1018
139 735
139 1018
140 1170
141 1163
141 313
141 450
141 760
141 951
141 409
141 326
141 243
141 435
142 566
142 427
142 782
143 155
143 806
143 338
144 560
144 1085
145 1203
145 403
145 405
145 1153
145 505
146 797
146 772
147 1083
147 942
147 1272
147 1114
147 943
147 1224
147 159
147 1098
147 999
147 607
147 1120
148 937
149 1181
150 974
150 547
151 804
151 1208
151 1177
151 158
152 469
153 381
153 1026
153 1112
153 497
153 487
153 788
153 400
153 901
153 170
153 1217
153 448
153 966
153 459
153 969
153 1029
153 577
153 678
153 986
153 1257
153 1166
153 292
153 680
153 696
153 921
153 856
153 1091
153 245
153 221
153 782
153 377
153 973
154 1007
154 312
154 572
154 488
154 1036
154 1080
154 1184
154 1079
155 806
156 181
156 1193
156 730
157 919
157 266
158 809
158 775
158 1177
158 804
158 205
158 1208
159 540
159 942
159 387
159 853
159 374
159 452
159 1045
159 423
159 814
159 970
159 264
159 582
159 945
159 668
159 755
159 421
159 913
159 999
159 1095
159 392
159 522
159 1016
159 1088
160 488
160 179
160 997
160 782
161 853
161 690
161 970
161 962
161 1060
162 498
162 1111
162 818
162 545
162 406
163 1185
163 1175
163 701
163 827
163 1135
163 834
163 738
163 413
164 588
164 691
164 191
164 1097
164 791
164 1146
165 564
166 1172
166 211
166 1132
166 811
166 494
166 876
167 898
168 963
169 770
169 961
169 906
169 1226
169 1025
170 1091
170 497
170 245
170 788
171 1104
171 304
172 1191
172 941
172 805
172 632
172 754
172 635
172 796
172 320
172 675
172 976
172 1143
172 416
172 839
172 343
172 774
173 807
174 283
174 524
174 918
174 1203
175 410
175 400
176 1183
176 478
177 901
177 1185
177 925
177 615
177 667
177 703
177 1096
177 834
177 1139
177 1142
178 778
178 442
178 363
178 902
178 1165
179 1048
179 502
179 543
179 488
179 995
179 371
179 1160
179 997
179 782
179 1206
179 529
179 938
179 908
180 731
181 940
181 389
181 1193
181 882
181 446
181 257
181 994
181 730
182 966
182 355
182 194
183 970
184 542
184 1084
184 595
184 1259
184 939
185 1237
185 1158
185 982
186 312
186 1040
186 213
186 1122
186 362
186 327
186 1046
186 566
186 579
186 742
186 1131
186 572
186 258
186 811
186 494
186 933
186 733
186 211
186 1077
186 1160
186 429
186 803
186 472
186 237
186 854
186 908
186 860
186 301
187 919
188 902
188 254
188 356
188 675
188 839
188 363
189 193
190 1244
190 638
190 809
191 710
191 791
191 1168
192 509
194 966
194 355
195 1090
195 753
195 1051
195 682
196 639
196 616
196 679
196 555
196 1107
196 884
196 1067
197 293
197 575
197 1134
197 1224
197 431
197 665
197 864
198 1047
198 527
199 615
199 567
199 942
200 555
200 329
200 511
201 718
201 1185
201 834
201 1094
202 695
202 313
202 905
202 687
202 951
202 328
203 482
203 1123
203 802
204 1254
205 674
205 809
205 488
205 998
206 536
206 1262
208 391
209 339
209 969
209 798
209 853
209 241
210 1273
210 1196
211 488
211 595
211 1132
211 811
211 494
211 1172
211 380
211 876
212 553
213 664
213 803
213 1077
213 463
214 1204
215 647
216 317
216 841
216 384
217 278
217 915
218 940
218 755
218 374
219 1185
219 250
219 291
219 507
219 1179
219 454
219 912
219 963
219 1024
220 1199
220 352
221 919
221 845
221 1112
221 459
221 1029
221 877
221 326
222 483
222 404
222 1090
222 698
222 1051
222 850
222 489
222 615
222 499
222 703
222 682
222 1056
222 834
222 1147
222 689
222 608
222 787
223 261
223 545
223 282
223 248
224 1270
224 1163
224 750
224 919
225 647
226 913
226 400
227 1062
227 1210
227 1086
228 229
228 370
228 875
228 834
228 290
229 489
229 370
229 881
229 875
229 834
229 976
229 290
230 1010
230 453
230 620
230 329
231 469
232 718
233 597
234 469
235 1256
235 1051
235 657
235 1147
235 1231
236 880
236 254
236 581
237 782
237 579
237 1160
237 429
237 1040
237 908
237 301
238 1010
238 997
239 853
239 359
240 940
240 446
240 1245
240 1162
241 853
241 969
241 547
242 734
242 446
242 828
242 282
242 303
242 1107
242 894
242 1022
242 270
243 967
243 435
243 313
243 459
243 715
243 548
243 951
243 1120
243 877
243 326
243 536
243 864
243 633
244 1068
244 911
245 867
245 904
245 885
245 1091
245 497
245 1202
245 788
245 284
246 438
247 317
248 261
248 282
248 545
249 591
249 764
249 405
249 1203
249 524
250 1185
250 1135
251 1214
252 568
252 808
252 512
252 303
252 1136
253 555
253 461
253 1202
254 880
254 675
254 826
254 635
254 320
254 641
254 412
254 326
254 839
254 415
254 356
254 584
255 603
256 361
256 268
256 352
256 1127
257 389
257 882
257 730
257 1193
258 860
258 380
258 854
259 640
259 549
259 555
259 1038
259 1232
259 666
259 529
260 792
260 810
260 777
260 947
260 1178
260 740
261 545
261 418
261 550
261 282
261 406
261 1126
262 768
262 1185
262 592
262 1135
262 1094
262 912
262 413
262 963
262 269
262 546
262 345
264 901
264 925
264 523
264 614
264 755
264 392
264 333
264 374
264 1139
264 288
264 561
264 942
264 1266
265 1185
265 963
265 567
265 1103
266 951
266 919
266 845
267 1231
268 590
268 352
268 1127
269 1142
269 827
269 1135
269 390
269 413
270 894
271 534
271 532
271 1051
271 353
272 651
272 755
272 865
272 374
272 789
273 951
273 367
274 437
275 1239
275 1034
275 936
276 1249
277 1010
278 317
278 898
278 300
278 915
279 1183
279 1148
280 496
280 662
281 1242
281 785
281 1089
282 573
282 734
282 545
282 446
282 303
282 1181
282 1107
282 629
283 524
283 373
283 918
283 1203
284 1073
284 867
284 641
284 1202
284 904
284 400
284 570
284 1226
284 503
284 885
284 1118
284 441
284 376
284 1255
284 845
284 770
284 780
284 1265
284 621
284 1023
284 630
285 729
286 419
286 516
286 946
287 770
287 885
287 1004
287 324
287 678
287 1255
288 901
288 523
288 1010
288 615
288 413
288 322
288 1094
288 1266
289 862
290 370
290 875
290 834
291 507
291 1179
291 1024
292 856
292 986
292 973
293 864
293 852
293 575
293 1224
294 748
295 1090
295 1051
295 850
295 834
295 913
295 1239
296 1200
297 596
297 386
298 589
298 976
298 1266
298 413
299 1177
301 782
301 579
301 429
301 908
302 1218
302 1234
302 725
303 1128
303 736
303 734
303 545
303 446
303 485
303 449
303 1241
303 977
303 762
303 1107
303 498
303 568
303 649
303 1268
305 1119
305 520
305 1126
305 1078
306 1081
307 969
308 554
308 761
308 830
309 559
310 772
310 1228
310 335
311 901
311 925
312 572
312 782
312 495
312 1080
312 1184
312 1079
312 362
313 1026
313 633
313 548
313 687
313 951
313 877
313 326
313 328
313 1120
313 562
313 459
313 580
313 905
313 1074
313 435
313 967
313 695
313 715
313 799
313 536
313 864
314 363
314 612
314 323
315 957
315 864
315 1153
315 1120
316 722
316 1176
316 807
317 384
317 422
317 1247
317 841
317 424
317 947
317 898
318 940
318 1130
318 446
318 969
318 1177
318 797
319 670
319 378
320 598
320 632
320 356
320 675
320 839
320 805
321 1009
321 473
321 770
322 901
322 995
323 636
323 363
323 612
324 1004
324 885
324 678
325 1185
325 365
325 448
325 616
325 1239
325 648
326 844
326 919
326 826
326 675
326 951
326 435
326 845
327 1070
327 733
327 1131
327 969
327 910
327 1122
327 1187
327 1046
327 782
328 951
328 687
328 905
329 1010
329 1198
329 555
329 453
329 620
329 511
330 879
331 660
331 1267
332 1067
332 884
332 679
332 639
333 755
333 374
333 561
334 531
334 443
334 939
335 843
335 573
335 629
336 1052
336 959
336 1234
336 1192
337 644
337 373
337 847
338 1266
338 830
339 438
339 787
340 831
340 874
340 820
341 640
341 615
341 969
341 853
341 359
342 536
342 488
342 1020
342 616
342 975
342 833
342 1016
342 976
342 859
342 972
342 956
342 619
342 451
342 1105
342 899
343 416
343 976
343 632
344 1221
344 1230
345 1185
345 667
345 1094
345 1135
345 413
346 743
346 465
347 373
347 633
347 1124
348 1021
348 583
348 491
348 556
348 678
349 728
349 587
349 661
349 1002
349 641
350 500
350 505
350 368
350 1261
350 888
350 1203
350 1092
350 400
351 756
351 479
351 1251
351 1076
352 1127
352 1199
354 931
355 966
356 902
356 675
356 839
356 363
357 484
357 363
358 1197
358 883
359 488
359 572
359 853
359 970
359 1080
360 481
360 514
360 466
361 1218
361 1140
361 725
362 572
362 495
362 1080
362 782
362 1079
363 1005
363 636
363 1003
363 612
363 1165
363 675
363 930
363 626
363 426
363 442
363 902
363 484
363 778
364 400
365 448
365 433
365 745
365 648
365 400
366 1032
366 438
366 787
367 951
368 1261
368 530
368 834
369 683
369 939
369 955
370 875
370 834
371 995
371 1160
371 529
371 938
371 908
372 587
372 1254
373 671
373 918
373 633
373 847
373 644
373 1247
373 953
373 515
373 1203
374 865
374 940
374 1035
374 1013
374 474
374 861
374 801
374 1045
374 561
374 399
374 752
374 789
374 745
374 981
374 651
374 755
374 605
374 963
374 680
374 1269
374 1021
374 627
375 422
376 1073
376 770
376 570
376 1265
376 641
376 1226
376 1067
376 1255
376 1025
377 577
378 670
378 940
378 1245
378 1212
379 954
379 766
379 705
379 1042
379 924
380 394
380 496
380 506
380 595
380 854
380 494
380 479
381 901
381 680
381 696
381 966
381 969
381 1177
381 1158
381 1010
381 473
381 848
381 783
383 917
384 841
385 681
385 716
385 1018
386 596
387 582
387 945
387 1016
387 540
388 1010
388 715
388 536
389 882
389 1193
389 730
390 827
390 1135
392 853
392 942
392 970
392 452
393 918
393 1203
394 1075
394 506
394 595
394 853
394 895
394 616
395 616
396 991
396 1057
396 832
396 970
396 504
396 436
397 542
397 922
397 1259
397 939
399 1021
399 605
400 1190
400 1028
400 643
400 1049
400 486
400 488
400 407
400 1226
400 410
400 812
400 983
400 505
400 594
400 610
400 913
400 1246
400 780
400 1203
400 623
400 782
401 462
401 757
402 896
402 1068
402 571
403 1203
403 1153
404 682
404 1090
404 1051
404 850
405 1203
405 764
405 524
406 545
406 418
407 510
407 812
408 520
409 760
409 951
409 450
411 1016
412 591
412 1015
412 457
412 460
412 584
412 967
413 827
413 952
413 901
413 592
413 1135
413 1142
413 768
413 589
413 989
413 1094
413 912
413 963
413 1185
413 1266
413 525
414 771
414 490
414 567
414 769
415 951
415 634
416 675
416 839
416 774
417 444
418 734
418 545
418 446
418 762
418 1107
418 485
419 946
420 1229
421 1088
421 814
421 1095
422 598
422 538
422 1247
423 913
423 451
424 1227
424 475
424 947
424 1223
424 531
424 1119
424 1099
424 647
424 628
424 692
424 1235
425 950
425 508
425 908
426 636
427 566
427 782
428 520
428 886
429 782
429 579
429 1160
429 1040
429 908
430 609
430 601
430 1051
431 617
431 1134
431 1034
431 936
431 864
432 488
432 910
432 1215
432 782
434 732
435 951
436 991
436 1057
436 832
436 970
436 504
438 1216
438 1027
438 557
438 834
438 1032
438 803
438 787
439 1130
439 603
441 1023
441 503
441 770
442 778
442 902
442 1165
443 939
445 1031
445 446
445 710
445 473
445 565
445 1168
446 940
446 1193
446 545
446 1031
446 797
446 473
446 730
446 649
446 565
446 734
446 969
446 498
446 1245
446 979
446 1162
446 1107
446 994
446 461
447 656
448 680
448 520
448 1257
448 969
448 1217
448 716
448 648
450 760
450 951
451 1016
451 972
451 619
452 853
452 970
452 522
453 1010
453 620
454 963
454 456
454 912
455 1116
456 529
457 460
457 591
458 835
458 1106
459 877
459 1029
459 1112
459 799
459 580
460 591
461 555
461 979
461 649
462 757
463 1077
463 997
463 664
463 803
464 1128
464 642
464 1006
465 743
466 481
466 514
467 669
468 555
468 1093
470 697
470 1051
471 1064
472 717
472 652
472 933
472 742
473 940
473 1031
473 1157
473 565
473 966
473 934
473 969
473 971
473 545
473 745
473 897
473 903
473 770
473 994
473 1264
473 1019
474 587
474 1035
474 801
474 1252
474 770
475 1227
475 1018
475 1087
476 611
477 677
479 496
479 756
480 1185
480 1171
481 514
482 1123
482 802
483 718
483 1051
483 753
483 682
484 636
485 762
485 1107
486 491
486 678
487 856
487 577
488 960
488 1246
488 572
488 811
488 494
488 1036
488 876
488 933
488 1080
488 997
488 913
488 803
488 1007
488 770
488 616
488 859
488 782
488 860
489 1051
489 676
489 499
489 703
489 881
489 976
489 1145
489 834
489 879
489 563
489 787
490 761
490 757
490 593
491 678
492 1083
492 607
492 1272
492 1248
493 683
493 1259
493 542
493 939
494 944
494 595
494 1132
494 811
494 1172
494 876
495 1079
495 572
495 782
496 662
497 1026
497 1091
497 788
498 1111
498 545
498 624
498 818
499 1051
499 703
499 834
499 787
500 1092
500 1261
501 1003
502 543
503 1023
503 770
504 991
504 1057
504 832
504 970
505 1203
505 575
506 1075
506 595
506 853
506 895
506 616
507 1179
507 1024
508 950
508 908
510 1159
510 1254
511 772
511 737
511 549
511 539
511 555
511 1181
511 616
512 1059
513 1177
515 644
515 953
515 1229
517 605
517 723
518 935
518 750
519 1202
519 944
520 886
520 1078
521 761
522 853
522 970
523 901
523 925
523 615
523 1094
523 1266
524 923
524 1033
524 918
524 1203
524 764
525 1185
525 912
525 963
526 604
526 1183
527 1047
528 1207
529 657
529 700
529 1038
529 646
529 995
529 1232
529 640
529 824
529 1160
529 765
529 840
529 1010
529 555
529 908
529 938
530 901
530 1185
530 1135
530 834
531 1119
531 948
532 1109
532 1051
532 534
532 616
532 782
532 1239
533 885
533 663
534 1051
535 1010
536 548
536 709
536 1239
536 1120
536 575
536 975
536 976
536 1253
536 833
536 1020
536 715
536 617
536 704
536 864
536 633
536 1105
537 794
537 738
539 737
539 1181
540 582
540 945
540 1016
541 1270
541 575
541 552
541 709
541 1253
542 922
542 595
542 1259
542 683
542 712
542 939
544 745
544 1013
545 629
545 1241
545 736
545 745
545 649
545 1268
545 734
546 768
546 1179
546 1175
546 912
546 963
547 920
547 958
547 772
547 1155
547 969
547 797
547 974
547 927
548 715
548 633
548 1124
548 951
548 1120
548 864
549 555
549 666
550 1126
552 575
552 709
552 1061
552 1270
552 864
552 1180
553 1151
553 672
555 1038
555 1232
555 666
555 640
555 988
555 1107
555 606
555 1001
555 699
555 772
555 616
555 1093
555 1202
555 862
556 1021
556 678
556 583
556 1142
557 759
557 1032
557 787
560 1085
561 755
562 864
562 1224
562 967
562 877
563 834
563 703
563 1051
565 940
565 903
565 1031
565 994
565 971
565 1019
566 782
567 771
567 615
567 1103
567 963
568 808
568 1136
569 1010
569 969
569 958
569 797
570 770
570 641
570 1265
571 896
571 1068
572 743
572 782
572 1080
572 1184
572 1079
573 629
574 1065
574 1064
575 709
575 1253
575 1224
575 1270
575 1203
575 864
575 1180
576 702
579 908
579 782
580 1011
580 799
581 584
582 945
582 1016
583 1021
583 678
583 1142
584 675
585 708
586 1218
586 763
586 725
587 609
587 731
587 1035
587 724
587 801
587 1252
587 1254
587 770
588 791
589 868
589 1135
589 976
589 1266
590 773
592 1185
592 963
592 1135
593 831
593 874
593 761
593 1266
593 1183
593 820
594 643
595 1084
595 1259
595 939
596 866
598 675
599 1031
600 803
600 1216
600 842
601 680
601 1071
601 1051
601 1033
601 837
601 1072
602 846
604 1183
605 1021
606 988
606 1001
606 862
606 699
607 1083
607 1272
607 1248
608 1056
608 689
608 1147
608 1051
609 724
609 731
609 1144
610 1028
612 636
613 1009
613 1167
614 901
615 901
615 853
615 1051
615 667
615 969
615 925
615 1056
615 1094
615 834
615 1185
615 698
616 1239
616 800
616 966
616 949
616 859
616 1107
616 781
616 895
617 1034
617 976
617 936
618 966
619 1016
619 972
620 1010
621 770
621 1118
621 1226
621 1265
621 630
622 631
622 721
622 834
625 1169
625 704
625 1024
626 930
626 1154
626 855
627 1013
627 745
627 752
627 1269
628 1223
628 1235
629 1181
630 845
630 1118
630 1226
630 1265
630 770
631 834
632 941
632 805
632 754
632 635
632 675
632 976
633 715
633 951
633 1124
633 1120
633 864
634 1101
635 641
636 787
637 1071
637 1224
637 852
637 872
637 880
637 864
638 809
638 1188
638 1244
638 693
639 654
639 679
639 884
639 1067
640 830
640 853
640 1138
640 711
640 1038
640 1232
641 728
641 1002
641 770
642 1006
644 953
645 747
645 725
646 1010
646 700
648 1158
649 979
650 1126
650 1236
651 755
651 865
652 717
652 742
652 933
653 862
653 699
654 1067
654 884
654 679
655 934
657 824
657 825
658 1128
658 1113
658 1069
659 724
660 1267
663 885
664 1077
664 803
665 1134
665 864
667 1185
667 1094
667 834
671 1143
673 675
675 941
675 805
675 839
675 902
675 754
675 826
675 774
676 1075
676 1051
676 1145
676 879
676 781
678 1217
678 885
678 1257
678 1004
678 1021
679 884
679 1067
680 1217
680 969
680 1257
681 692
681 1099
681 716
682 718
682 1090
682 1051
682 753
682 850
683 1259
683 955
683 939
684 1174
685 1018
686 853
687 951
687 905
688 813
689 1051
689 1056
689 1147
690 741
690 970
690 853
690 891
690 707
691 1097
691 1146
692 1099
693 1188
694 849
694 770
695 905
696 966
696 901
697 1051
698 1056
698 969
698 1051
699 862
699 1001
700 1010
700 829
700 765
701 1185
701 703
701 738
701 834
701 1050
701 963
703 1051
703 1096
703 834
703 787
704 1169
704 1024
705 924
706 980
707 853
707 891
707 970
707 741
708 795
709 1253
710 1014
710 1107
710 791
710 1168
711 1232
712 922
712 1259
714 968
714 752
714 758
715 1120
715 864
717 742
717 933
718 1185
718 1051
718 1094
718 834
719 1108
720 887
720 1243
721 834
722 807
724 731
725 1218
725 965
725 763
725 1195
725 747
726 776
726 1125
726 947
726 767
727 916
728 1002
730 940
730 1193
730 882
730 994
731 790
731 909
734 1128
734 1241
734 977
734 1107
734 736
734 1268
735 1018
736 1241
736 1268
737 867
737 885
738 1185
738 794
738 1053
738 858
738 834
738 1182
740 810
740 777
740 1178
741 853
741 891
741 970
742 933
743 1080
743 1079
744 962
744 970
745 752
745 1031
745 755
745 1013
745 861
745 1269
746 790
746 909
749 1012
750 935
750 919
751 1143
752 1128
752 968
752 758
752 1013
752 1269
752 1263
753 1090
753 1051
754 941
754 1247
754 872
754 1143
754 864
755 1045
755 861
755 940
755 865
755 789
756 1076
756 1251
757 761
757 1186
758 968
759 787
760 951
762 1107
763 1218
764 1203
765 835
768 1135
768 1179
768 1175
768 912
768 963
769 771
770 1073
770 961
770 1035
770 801
770 1226
770 1067
770 885
770 1118
770 906
770 1252
770 1255
770 849
770 1265
770 1023
770 1025
772 1260
772 1194
772 944
772 889
772 1271
772 979
772 1228
772 797
772 786
772 1032
773 815
774 941
774 839
775 809
776 1125
776 947
777 1178
777 810
778 902
778 1209
779 951
780 1226
781 1075
781 800
781 949
782 1070
782 1122
782 803
782 1131
782 1051
782 992
782 997
782 910
782 908
782 1079
782 1187
784 1103
785 1242
785 1089
786 889
787 990
787 1177
787 1051
787 834
787 1032
788 1091
789 865
790 909
791 1168
792 810
792 1178
793 864
795 1110
796 1191
796 1156
797 940
797 958
797 969
797 1032
797 1082
800 949
800 1189
801 1035
801 1252
802 1123
803 1215
803 1216
803 1027
803 1077
803 910
803 842
803 997
804 1208
804 1177
806 947
807 936
807 1100
807 1161
807 1141
807 1176
807 1058
808 1136
809 1244
809 998
810 1178
811 1132
814 1088
814 1095
816 1209
817 919
818 1111
818 985
818 870
818 1240
819 890
820 831
820 874
820 1266
821 1187
821 1076
822 1175
822 1185
822 869
823 1238
823 1250
827 1135
827 1142
829 1000
829 1050
829 1010
829 963
830 1266
830 840
831 874
831 1266
832 991
832 1057
832 970
833 976
834 875
834 858
834 1133
834 976
834 850
834 1051
834 1094
834 1050
834 963
834 1185
834 1090
834 881
834 1096
835 1106
837 1072
837 1051
838 854
841 898
842 1216
843 1037
845 919
845 1226
845 951
850 1090
850 1051
850 1147
851 889
852 864
852 1224
853 871
853 878
853 1213
853 958
853 1044
853 969
853 891
853 970
853 1225
853 1266
854 860
855 1154
856 986
856 973
857 1273
858 1185
860 997
862 1001
863 1187
864 1120
864 877
864 1153
864 872
864 957
864 1134
864 1224
864 1180
864 1071
864 967
864 880
864 932
865 1102
867 904
867 885
867 1202
868 989
868 1142
869 1185
870 985
870 1240
871 878
871 1044
872 1071
872 880
873 1222
874 1266
876 1172
876 1132
876 960
877 967
877 1029
878 1044
879 1145
880 1071
881 1133
881 976
882 1193
883 1197
884 1067
885 961
885 1055
885 904
885 1226
885 1004
885 1202
885 1255
886 939
887 1243
887 947
891 970
893 1145
896 1068
899 956
899 976
900 1164
901 925
901 1201
901 966
901 995
901 1135
901 1139
901 1094
901 1185
901 1266
903 1031
903 1019
904 1202
907 969
908 1160
908 1040
908 950
908 938
910 1070
910 1216
910 1215
911 1068
912 1185
912 963
913 1246
914 1078
914 1211
918 1033
918 1203
919 1163
919 951
919 1270
921 1166
922 1259
922 939
923 1203
925 1139
926 1054
927 934
929 1254
932 1224
933 1070
933 1246
933 1131
933 1122
933 960
934 971
934 1063
936 1034
936 1239
936 1100
938 1160
939 1259
939 955
939 1173
940 1193
940 969
940 1245
940 1248
940 1162
940 994
940 1212
941 1143
942 999
943 1114
943 1224
943 1098
943 1120
944 1128
944 1202
945 1016
947 1178
947 1125
951 1163
951 1002
952 1266
954 1042
957 1120
958 969
959 1052
959 1192
959 1234
960 1070
961 1025
961 1226
962 970
962 1060
963 1050
963 1135
963 1103
963 1185
963 1000
963 1175
963 1179
963 1266
965 1195
966 969
966 1059
969 1155
969 1217
969 1257
969 1010
970 1057
970 991
970 1060
972 1016
973 986
975 976
975 1105
976 1020
976 1266
976 1105
977 1128
977 1241
977 1107
978 1128
979 1260
982 1237
982 1158
985 1240
987 1205
988 1001
989 1142
989 1135
990 1152
990 1177
990 1129
991 1057
993 1066
994 1193
996 1154
996 1043
997 1010
1000 1050
1005 1204
1006 1239
1007 1036
1008 1174
1009 1167
1010 1177
1011 1029
1013 1269
1018 1087
1018 1126
1018 1236
1019 1031
1024 1169
1024 1179
1025 1226
1026 1091
1026 1074
1027 1216
1027 1231
1029 1112
1030 1051
1033 1203
1034 1239
1035 1252
1038 1232
1039 1183
1040 1160
1041 1169
1046 1131
1048 1206
1049 1190
1049 1233
1051 1056
1051 1147
1051 1072
1051 1090
1052 1192
1056 1147
1058 1161
1058 1100
1058 1141
1062 1210
1062 1086
1064 1065
1067 1255
1069 1113
1069 1128
1073 1226
1073 1255
1076 1251
1078 1119
1078 1126
1078 1211
1079 1080
1079 1184
1080 1184
1083 1272
1083 1248
1086 1210
1088 1095
1089 1242
1092 1261
1094 1185
1094 1135
1097 1146
1098 1114
1098 1224
1098 1120
1100 1161
1104 1220
1107 1128
1112 1166
1113 1128
1114 1224
1114 1120
1115 1257
1117 1121
1118 1265
1118 1226
1119 1126
1120 1224
1126 1236
1128 1263
1129 1152
1129 1177
1130 1177
1132 1172
1135 1142
1135 1185
1135 1175
1135 1266
1137 1219
1148 1183
1152 1177
1153 1203
1156 1191
1158 1237
1159 1254
1161 1176
1163 1270
1175 1185
1175 1179
1177 1252
1177 1208
1212 1245
1215 1216
1217 1257
1221 1230
1225 1266
1226 1265
1226 1255
1238 1250
1241 1268
