123 129
0 86
1 43
2 110
3 115
3 43
3 27
4 24
5 90
5 98
6 97
7 118
7 40
7 44
8 71
9 30
9 88
9 33
9 62
9 52
9 120
10 24
11 111
12 73
13 89
14 67
15 103
16 19
17 116
18 94
18 114
18 117
19 81
20 57
21 105
22 95
22 122
22 35
23 54
24 83
24 102
24 77
24 109
24 92
25 37
26 66
27 115
28 32
28 63
28 113
29 85
29 121
29 101
30 88
30 62
30 84
31 47
31 117
32 113
32 63
33 88
33 62
33 120
33 52
33 42
34 56
34 59
35 122
36 79
36 118
36 82
37 39
37 78
38 76
38 46
38 48
39 78
41 58
41 116
41 55
42 62
42 120
45 80
46 76
46 51
46 96
46 48
47 117
48 76
49 74
49 57
50 107
51 96
52 88
52 62
52 120
53 73
54 64
54 72
55 58
55 116
56 59
57 74
58 116
60 93
61 94
62 88
62 120
63 113
64 72
65 69
68 119
68 88
70 87
75 100
77 109
82 118
83 102
85 101
85 121
88 120
91 106
92 109
94 114
94 117
99 101
101 121
104 108
112 114
114 117
