149 162
0 107
1 56
2 133
3 50
3 145
4 139
4 56
4 33
5 140
6 30
7 112
7 120
8 119
9 142
9 53
9 57
10 118
10 59
11 147
11 51
12 37
12 109
12 43
12 77
12 67
12 146
13 30
14 134
15 125
15 90
15 110
16 111
17 83
18 125
19 22
20 140
21 116
21 137
21 141
22 98
23 72
24 85
25 128
25 105
26 49
26 102
27 117
27 148
27 45
28 84
29 69
30 100
30 124
30 94
30 132
30 114
31 48
32 82
33 139
34 40
34 143
34 101
35 41
35 78
35 136
36 106
36 147
36 64
37 109
37 77
37 103
38 104
38 48
39 60
39 141
40 143
40 101
41 136
41 78
42 79
43 109
43 77
43 146
43 67
43 55
44 71
44 74
45 148
46 96
46 142
46 99
47 144
47 84
48 104
48 52
48 95
49 59
49 93
49 102
49 61
50 145
51 147
52 95
54 73
54 140
54 70
55 77
55 146
58 97
59 93
59 118
59 61
60 141
61 93
62 138
62 86
63 91
63 72
64 106
64 147
64 121
65 130
66 88
67 109
67 77
67 146
68 90
69 80
69 89
70 73
70 140
71 74
72 91
73 140
75 115
76 116
77 109
77 146
78 136
80 89
81 127
81 123
84 144
84 109
86 138
87 108
92 122
94 132
99 142
100 124
101 143
106 147
109 146
110 125
113 129
114 132
116 137
116 141
123 127
126 131
135 137
137 141