1163 2820
0 472
0 719
0 540
1 1060
1 631
2 263
2 666
3 207
4 866
4 1157
5 706
5 1068
5 499
5 1073
5 834
5 384
5 877
6 557
6 437
7 826
7 739
7 858
7 175
7 1135
7 581
7 780
7 508
7 1095
7 909
7 117
7 234
7 605
7 189
7 94
8 172
8 464
8 929
8 220
8 1052
8 399
8 947
8 717
8 864
9 897
10 73
10 1081
10 979
10 1125
11 359
11 621
11 780
11 653
11 632
11 1000
12 670
12 91
12 212
12 344
12 799
12 760
13 378
13 466
14 555
14 108
14 583
14 709
14 639
14 920
14 1034
14 420
14 421
14 385
14 123
14 1069
14 559
15 124
15 165
15 435
15 1052
15 717
15 559
15 852
16 935
16 142
16 1012
16 456
16 750
16 729
16 348
16 493
16 289
16 157
16 1030
16 1008
16 531
16 382
16 685
16 977
16 257
16 877
16 708
16 993
16 994
16 228
16 205
17 417
17 925
17 743
17 317
17 885
17 565
17 822
18 332
18 280
18 591
18 498
19 1140
19 254
20 285
20 511
20 562
20 694
20 1118
20 999
20 95
20 1080
20 351
20 467
21 903
21 140
21 1071
21 41
22 676
23 471
23 347
23 112
23 313
23 771
24 824
24 727
24 287
25 408
26 319
26 751
26 559
26 1122
26 936
26 599
26 218
26 192
26 1121
26 30
26 246
26 752
26 1113
27 309
27 682
27 348
27 785
27 692
28 889
28 816
29 708
29 325
29 914
29 300
29 618
29 265
29 1146
30 355
30 1122
30 1090
30 936
30 506
30 345
30 940
30 394
30 1108
30 880
30 882
30 1044
30 340
30 107
30 686
30 539
30 733
30 406
30 197
30 710
30 722
31 548
32 64
32 857
32 1117
33 96
34 641
34 1116
35 165
35 784
35 524
35 920
35 238
35 221
35 778
35 447
35 333
35 983
35 908
35 830
35 149
35 733
35 354
36 191
37 1091
37 58
38 876
38 681
38 333
38 192
39 250
40 540
41 1128
41 536
41 171
41 708
41 110
41 94
41 903
41 1071
41 1051
41 348
41 943
41 895
41 301
41 1143
41 436
41 590
41 731
42 613
42 748
42 544
42 216
43 359
43 128
43 927
44 370
44 1152
44 95
44 342
45 261
45 932
45 512
45 262
45 708
46 195
46 687
46 474
47 839
47 50
47 69
47 357
48 777
48 321
48 950
48 86
49 803
50 357
50 839
50 69
51 953
51 105
51 483
52 1039
52 688
52 112
52 972
53 674
54 481
54 877
55 938
55 1132
56 726
56 76
56 684
56 63
57 1025
57 1154
58 1091
59 924
60 242
61 821
61 1064
62 1129
62 1141
62 1094
63 897
63 1010
63 726
63 76
63 535
63 684
63 88
64 857
64 1117
65 978
65 649
65 616
66 336
66 172
66 288
67 1079
67 824
67 481
67 384
67 101
67 834
67 327
67 266
67 877
68 613
69 839
69 357
70 355
70 429
70 680
70 966
70 1139
70 718
71 613
72 915
72 1096
73 693
73 979
73 808
73 829
73 882
73 1142
73 1125
73 1081
73 440
73 258
73 787
74 270
74 853
75 767
75 944
75 311
75 106
76 897
76 1010
76 726
76 684
76 88
77 980
77 290
77 470
77 272
77 396
77 337
77 747
78 754
78 1111
78 662
78 279
78 1110
78 335
79 235
79 579
79 98
79 615
79 584
79 383
79 386
79 534
80 878
81 1155
81 412
81 415
81 345
81 468
81 280
81 892
81 425
81 591
82 921
82 743
82 491
82 317
83 310
83 1045
83 487
84 870
84 822
84 317
85 1004
85 158
86 321
86 366
86 462
86 777
86 119
86 626
86 950
87 143
87 447
87 908
87 149
87 733
87 427
88 897
88 1010
88 535
88 684
89 898
89 1131
89 794
90 777
90 348
90 369
90 519
90 956
90 449
90 1118
90 743
90 244
90 603
90 385
90 583
90 709
90 541
90 694
90 756
90 698
90 760
90 284
90 551
90 877
90 406
90 640
90 563
90 1157
90 930
90 491
91 212
91 799
91 670
91 782
91 448
91 675
91 743
91 163
91 655
91 272
91 546
91 760
91 835
91 185
91 406
91 1079
91 127
91 342
91 640
91 344
91 805
91 997
91 486
91 642
92 739
93 920
93 490
94 1026
94 1047
94 739
94 328
94 1071
94 469
94 334
95 461
95 342
95 1152
95 811
95 999
95 370
96 1013
97 366
97 462
97 880
97 562
97 1052
97 717
97 818
98 235
98 193
98 383
98 804
98 534
99 911
99 956
99 639
99 920
99 755
99 101
99 877
100 927
101 1079
101 877
101 956
101 920
101 755
101 1031
101 639
101 834
101 384
101 911
101 481
102 219
102 882
102 283
103 699
103 178
104 529
105 953
105 483
105 1162
106 767
106 944
107 686
107 539
107 534
107 862
109 777
109 583
109 316
110 536
110 156
110 708
110 522
110 692
110 501
110 1156
110 943
110 1021
110 262
110 1119
110 436
110 731
110 350
110 348
110 1143
110 513
110 577
110 934
111 604
111 303
111 1028
111 830
112 611
112 855
112 688
112 771
112 691
112 1114
112 313
112 615
112 1039
112 347
112 471
112 972
112 1082
112 576
113 538
113 384
113 1031
113 1038
114 376
114 130
115 555
116 604
116 198
116 172
116 427
116 733
117 942
117 1062
117 980
117 826
117 125
117 523
117 290
117 563
117 444
117 331
117 299
117 628
117 549
117 401
117 337
117 650
117 558
118 551
118 473
119 1105
119 777
119 626
120 273
120 392
121 170
121 1150
121 496
121 853
122 504
123 756
123 559
124 165
124 1052
124 435
124 717
124 559
124 852
125 986
125 516
125 735
125 523
126 926
127 642
127 997
127 760
127 163
128 359
128 927
129 672
129 927
130 376
131 1055
131 289
131 416
131 697
131 865
131 380
131 302
131 226
131 405
132 518
132 306
132 397
132 830
133 144
133 736
133 314
134 459
134 988
135 999
135 373
135 375
135 1048
135 461
136 728
136 710
137 851
138 1075
139 887
139 500
140 734
140 1100
140 1071
140 147
141 431
142 355
142 935
142 1012
142 456
142 446
142 493
142 370
142 824
142 157
142 1109
142 1029
142 880
142 1030
142 882
142 1008
142 618
142 899
142 1148
142 1058
142 269
142 620
142 635
142 843
142 711
142 993
142 228
142 205
142 830
142 886
143 917
143 288
143 524
143 447
143 815
143 983
143 1078
143 349
144 736
145 728
146 841
146 245
147 734
147 189
147 1100
147 1071
148 494
148 856
148 361
148 777
148 348
148 418
148 951
148 394
148 742
148 192
148 327
148 532
148 859
148 608
148 692
148 1147
148 835
148 910
148 996
148 845
148 478
148 990
149 447
149 165
149 908
149 830
150 777
150 630
150 192
150 876
150 963
151 332
151 1011
151 746
151 498
151 377
152 1079
152 1068
152 640
152 753
152 1031
152 760
152 675
152 384
153 537
153 596
153 176
153 998
153 701
153 1041
154 1061
155 877
156 708
156 875
156 828
156 1119
156 934
157 993
157 456
157 228
157 493
158 1004
158 281
159 737
160 790
160 274
160 360
161 381
161 370
162 1077
162 439
163 1079
163 561
163 607
163 642
163 997
163 760
163 1038
164 715
164 409
164 337
164 825
164 1057
165 954
165 447
165 830
165 435
165 1052
165 908
165 717
165 1098
165 559
165 852
166 668
167 854
167 412
167 667
167 1087
167 906
168 880
168 329
168 179
169 192
170 496
170 974
170 543
170 1150
170 853
171 1128
171 1051
171 895
172 288
172 1019
172 198
172 947
172 733
172 303
172 952
172 518
172 530
172 679
172 1028
172 524
172 741
172 453
172 485
172 1052
172 399
172 434
172 336
172 196
172 220
172 717
172 278
173 841
174 797
175 1135
175 581
175 739
176 631
176 701
176 1060
177 465
178 699
179 880
179 329
180 582
180 562
180 619
180 508
180 1007
180 807
180 970
181 527
181 788
181 475
181 1117
182 431
183 561
183 519
183 856
184 508
184 305
184 467
185 655
185 1079
185 760
185 546
186 634
186 289
186 827
186 627
186 865
186 304
187 442
187 1020
187 732
188 1145
189 614
189 739
189 447
189 909
190 491
190 1153
192 777
192 845
192 478
192 814
192 678
192 876
192 333
192 758
192 644
192 646
192 418
192 460
192 681
192 630
192 963
193 804
193 235
194 1161
194 1089
195 687
195 474
196 453
196 543
196 741
196 354
197 506
198 604
198 733
198 427
199 1096
200 589
201 293
201 766
201 358
202 256
202 837
203 1079
203 232
203 268
203 463
203 1073
203 420
203 834
203 877
203 933
204 1092
204 326
205 841
205 769
205 1012
205 1030
205 1008
205 302
206 374
206 992
206 637
206 1132
206 774
206 448
206 561
206 457
206 642
206 622
206 960
206 760
206 1042
206 629
206 554
206 722
208 1160
208 1055
208 687
208 841
209 589
210 835
210 370
211 965
211 1102
211 989
212 670
212 344
212 799
212 760
213 920
213 419
213 566
213 305
214 431
215 655
216 544
217 1017
217 476
217 1023
217 981
218 1042
218 599
218 1132
218 1122
219 777
219 882
219 224
219 809
220 830
220 530
220 1052
220 399
220 947
220 717
220 278
221 920
221 908
222 777
222 333
223 854
223 412
223 1136
223 1054
224 777
224 882
224 500
225 671
225 412
225 260
225 280
225 1007
225 817
225 931
225 249
226 881
226 405
226 289
226 1030
226 652
226 501
226 865
226 806
226 801
226 302
226 491
226 788
226 577
227 971
227 833
228 993
228 456
228 493
229 406
230 293
231 593
231 692
231 789
231 348
232 1079
232 1031
233 520
233 738
233 1151
233 468
233 280
233 1032
234 508
234 425
234 1095
235 615
235 579
235 330
235 584
235 383
235 243
235 804
235 764
235 386
235 534
236 538
236 743
236 1157
236 384
237 247
237 326
237 1024
238 354
238 778
239 583
239 502
239 508
239 945
239 1123
239 606
239 559
240 724
240 740
240 714
240 861
240 1072
240 677
240 948
241 498
241 389
241 1023
241 503
241 377
243 825
243 330
243 615
243 764
243 337
244 1079
244 877
244 519
244 603
245 865
245 841
245 769
246 1122
247 539
247 326
247 1024
248 364
248 384
248 753
248 1031
248 1038
249 817
250 489
250 488
250 1132
251 540
251 702
251 375
251 999
251 480
252 865
252 341
253 1130
253 942
253 628
254 1140
255 920
256 293
256 821
256 277
256 837
257 1077
257 1043
258 455
258 1015
259 1133
259 720
259 991
260 671
260 498
260 525
260 280
260 1075
260 1007
260 412
260 574
261 262
261 932
261 512
261 708
262 976
262 512
262 522
262 1156
262 584
262 1119
262 350
262 932
262 1146
262 708
263 666
264 390
264 472
264 860
265 708
265 325
265 914
265 300
265 618
265 1146
266 824
266 479
266 920
266 561
266 384
266 298
266 546
266 1157
266 327
267 786
268 463
268 1073
268 933
269 711
269 899
269 886
270 476
270 398
270 853
271 685
272 992
272 1132
272 774
272 760
272 835
272 1130
273 392
274 360
275 549
276 1071
278 717
278 530
278 399
278 830
279 1110
279 754
279 662
280 1025
280 671
280 498
280 412
280 802
280 415
280 890
280 700
280 1007
280 332
280 520
280 591
282 984
283 882
284 507
284 698
284 756
286 710
286 1120
286 311
287 824
287 727
288 524
288 830
288 454
288 983
288 1078
288 349
288 336
289 935
289 577
289 501
289 627
289 865
289 801
289 302
289 304
289 806
289 514
289 1030
289 531
289 827
289 977
289 405
289 881
289 634
289 652
289 729
289 491
289 788
290 337
290 558
290 299
291 871
291 788
291 1048
291 806
292 659
292 1070
292 737
293 358
293 393
293 1138
293 395
293 861
293 766
294 1027
294 1071
295 610
295 352
296 545
296 615
296 735
296 1114
296 576
297 919
297 345
297 708
298 824
299 980
299 337
299 558
300 914
300 325
300 618
301 1079
301 339
301 1029
301 562
301 1130
301 590
302 768
302 841
302 865
302 405
302 769
303 973
303 1028
303 882
303 832
303 1019
303 948
303 1081
303 952
303 830
304 865
304 627
304 827
305 920
305 508
305 419
305 566
305 467
306 518
306 397
306 830
307 601
307 1158
308 970
308 807
308 619
308 582
309 692
309 348
309 513
310 487
311 767
311 525
311 574
312 957
312 873
312 754
312 1086
313 587
313 347
313 771
314 1157
314 756
315 757
315 798
315 748
316 777
316 561
316 583
316 882
317 1005
317 447
317 921
317 562
317 491
317 888
317 759
317 925
317 743
317 783
317 885
317 870
317 565
317 417
317 822
318 850
318 1114
319 1113
319 1121
320 1079
320 607
320 546
321 777
321 950
322 930
322 533
322 450
322 509
322 618
323 665
323 536
323 602
323 913
323 584
324 363
324 625
325 791
325 708
325 674
325 750
325 1119
325 914
325 618
325 1146
325 875
326 1024
326 1092
327 824
327 727
327 479
327 560
327 845
327 1157
327 1035
327 856
328 334
329 880
330 825
330 615
330 337
330 764
331 444
331 337
332 1011
332 498
332 412
332 569
332 746
333 447
333 524
333 777
333 983
335 1110
335 662
335 1036
336 524
336 454
336 830
336 349
337 715
337 980
337 558
337 1057
337 615
337 847
337 571
337 396
337 409
337 825
337 444
337 1062
338 370
339 1029
339 403
339 682
339 590
339 370
340 940
340 406
340 722
341 865
342 1152
342 486
342 760
343 853
343 869
344 670
344 799
344 760
345 355
345 854
345 826
345 708
345 939
345 880
345 412
345 498
345 884
345 1155
345 882
345 928
345 849
345 682
345 906
345 517
346 536
346 1145
347 611
347 795
347 577
347 771
347 587
347 1138
347 867
347 471
348 789
348 943
348 922
348 436
348 785
348 731
348 951
348 513
348 369
348 689
348 682
348 894
348 593
348 692
348 551
348 877
348 620
348 1159
348 930
348 572
349 524
349 680
349 830
349 454
349 983
349 1078
350 976
350 708
350 522
350 1156
350 584
350 1119
350 970
350 1146
350 934
352 610
352 854
352 1136
352 820
353 704
353 868
353 949
354 366
354 455
354 462
354 543
354 778
354 453
354 440
355 824
355 620
355 635
355 880
355 882
355 1071
355 1051
355 920
355 772
355 718
356 927
357 839
358 766
359 621
359 927
359 653
361 532
361 859
361 494
362 920
362 652
362 491
363 625
364 753
364 1031
365 840
365 999
366 462
366 543
366 777
366 818
366 562
367 562
368 853
369 930
369 551
370 1084
370 937
370 586
370 955
370 445
370 447
370 1119
370 381
370 896
370 461
370 542
370 556
370 835
370 1137
370 999
370 568
370 830
371 426
371 694
372 819
372 971
372 523
373 999
373 1048
374 622
374 992
374 1132
374 774
375 999
375 702
375 480
377 498
377 389
378 466
379 476
380 697
380 865
380 416
382 925
383 540
383 924
383 422
383 424
383 534
383 881
384 753
384 866
384 824
384 959
384 1031
384 1038
384 1079
384 538
384 902
384 834
384 877
384 706
384 1157
384 481
385 709
385 449
385 519
385 1069
386 865
386 578
387 671
387 890
388 410
389 671
389 498
389 412
389 700
389 1007
389 802
390 860
391 712
393 982
393 545
393 658
393 1138
394 835
394 417
395 1115
395 861
395 780
395 487
395 1017
395 1000
395 589
395 573
395 632
395 1126
396 980
397 518
397 830
398 476
399 830
399 530
399 1052
399 947
399 717
400 555
400 547
400 1132
401 563
401 942
401 628
402 447
402 832
402 1107
402 830
404 669
405 865
406 1108
406 936
406 510
406 760
406 940
406 733
406 722
407 1027
407 549
409 715
409 825
409 1057
411 631
411 1060
412 854
412 1087
412 498
412 667
412 591
412 517
412 671
412 939
412 1136
412 892
412 1054
412 1007
412 906
412 425
413 598
414 1085
414 1114
416 697
416 865
417 925
417 885
417 565
418 777
418 478
418 845
419 920
419 566
420 877
420 421
420 834
421 559
422 424
422 540
423 761
423 1006
424 540
425 508
425 892
425 591
426 694
427 908
427 604
427 733
428 1025
428 585
428 916
429 680
429 966
429 1139
430 508
430 995
432 636
432 1132
433 967
434 654
434 594
434 485
434 679
435 1052
435 717
435 559
435 852
436 536
436 943
436 731
436 1143
436 708
437 557
438 617
440 455
440 693
440 808
441 1079
441 1063
441 883
442 1020
442 732
443 655
443 1132
443 690
443 622
444 980
445 450
445 618
446 711
447 874
447 1137
447 524
447 815
447 800
447 485
447 983
447 908
447 835
447 733
447 917
447 562
447 783
447 830
447 784
448 670
448 1132
448 616
448 457
448 642
448 805
448 743
448 889
448 760
448 803
448 515
448 722
449 698
449 694
449 541
450 618
451 1106
451 553
451 987
452 623
452 1150
452 496
452 853
453 741
453 543
454 524
454 830
455 1015
456 935
456 993
456 493
457 1132
457 642
457 760
457 722
458 1062
459 988
460 758
460 644
461 999
461 527
462 543
462 777
462 818
462 562
463 1073
463 933
464 864
464 929
464 717
467 710
467 562
467 502
467 770
467 508
467 1075
468 962
469 1071
470 747
471 587
471 867
471 712
473 551
473 660
474 687
475 788
475 527
475 1117
476 1029
476 981
477 698
478 777
479 824
479 727
479 561
479 546
479 1157
480 840
480 844
480 941
480 999
480 702
481 1079
481 834
481 877
482 550
482 1077
483 953
483 1162
484 1099
485 973
485 654
485 1137
485 679
485 1028
485 1019
485 594
485 874
486 824
486 1079
486 1031
486 760
487 1017
487 528
488 1009
488 1132
488 489
488 562
488 830
488 1130
489 1132
490 920
491 563
491 921
491 652
491 501
491 643
491 1005
491 759
491 888
491 743
491 1130
491 806
491 788
491 577
492 1088
492 675
493 993
494 532
494 859
495 1160
495 527
495 505
495 647
495 1144
496 543
496 1150
496 623
496 853
497 682
497 922
498 682
498 591
499 706
499 1073
499 1068
499 813
499 834
499 877
500 882
500 872
500 842
500 1050
500 710
500 887
501 652
501 577
501 1021
501 865
501 806
501 788
502 508
502 606
503 1023
505 527
505 647
505 964
505 1160
505 788
505 1074
506 1046
506 612
508 945
508 1123
508 606
508 559
508 583
508 901
508 1007
508 552
508 912
508 638
508 710
508 562
508 995
508 1095
508 786
509 930
509 618
509 533
509 1038
510 696
510 940
510 722
512 932
512 708
513 692
514 788
514 1117
514 881
514 801
515 760
515 642
515 1132
516 986
517 854
517 826
517 939
517 906
517 884
517 928
518 830
519 709
519 603
519 561
519 877
520 738
520 1032
520 1151
521 920
521 882
522 708
522 584
522 1156
523 819
523 971
524 680
524 830
524 983
524 1078
525 574
526 968
526 967
527 647
527 1117
527 1160
527 999
527 1144
527 788
527 1074
530 717
530 830
531 1030
531 994
531 729
532 859
533 930
533 618
533 1038
534 862
534 615
535 684
536 555
536 668
536 943
536 661
536 731
536 1143
536 1145
536 708
537 701
538 792
538 1031
538 743
538 1157
539 686
541 757
541 798
541 698
541 1157
541 1077
541 748
542 586
543 974
543 1150
543 853
545 615
546 1079
546 824
546 561
546 607
546 655
546 760
547 620
547 1104
547 1132
547 941
547 762
547 975
550 1077
551 930
552 901
552 912
552 786
552 638
553 1106
553 987
554 960
554 629
554 1042
554 1132
555 661
555 668
555 848
556 937
558 980
559 599
559 639
559 945
559 588
559 1123
559 583
559 751
559 1052
559 703
559 920
559 717
559 852
560 824
561 824
561 777
561 727
561 1132
561 607
561 882
561 960
561 760
561 1079
561 637
562 1130
562 730
562 880
562 863
562 818
562 783
562 1007
562 649
563 942
563 743
563 628
564 880
565 925
565 885
566 920
567 657
567 760
570 1061
570 643
570 933
571 847
571 1049
571 779
572 922
572 682
572 689
572 1159
573 1115
573 1126
574 1075
575 673
576 855
576 691
576 1114
576 615
576 735
577 795
577 652
577 865
577 1021
577 806
577 788
578 1002
579 584
580 776
580 788
580 1117
581 1135
581 739
582 765
582 619
582 807
582 970
583 756
583 777
583 1034
583 648
583 945
583 1123
584 665
584 913
584 708
585 916
587 867
588 920
588 639
590 1051
590 1029
591 892
592 1023
592 1127
593 692
593 789
594 654
594 679
595 786
595 638
596 998
596 1041
597 849
599 751
599 752
600 661
601 1158
603 877
604 733
605 1095
605 858
607 1079
607 760
609 985
611 1039
611 972
613 615
615 825
615 691
615 1114
615 855
615 735
615 764
616 978
616 1132
616 889
616 803
616 649
618 1109
618 1148
618 914
618 930
619 765
619 807
619 970
620 1109
620 1029
620 882
620 1148
621 780
621 653
621 632
621 1000
622 655
622 992
622 1132
622 690
622 774
623 1150
623 853
624 1067
626 777
627 865
627 827
628 942
628 1130
628 1001
628 737
629 1132
629 960
629 1042
630 678
630 777
630 814
630 646
631 923
631 1007
631 701
631 1060
632 1000
632 780
633 773
633 708
634 827
635 880
635 824
636 1132
637 960
637 1132
638 786
638 912
639 920
639 755
639 703
640 1079
640 642
640 675
640 760
640 956
640 877
641 1116
642 1132
642 997
642 760
642 722
643 1061
643 933
644 758
645 893
646 777
646 814
646 678
647 1144
648 1123
649 978
649 730
649 863
651 707
651 689
651 695
652 806
652 788
654 679
655 1079
655 1132
655 760
656 810
656 1134
657 760
659 737
661 668
662 1110
663 713
663 1022
663 861
663 705
664 838
665 913
667 854
667 1087
667 906
670 805
670 799
670 760
670 743
671 1025
671 890
671 1007
672 927
674 791
675 1079
675 1088
675 958
675 782
675 760
675 1076
677 740
677 714
677 1072
678 777
678 814
680 983
680 966
680 1139
681 876
682 689
682 939
682 692
682 922
682 785
682 1159
683 723
683 831
684 726
687 841
688 1039
688 972
689 1025
689 707
689 695
689 922
689 1159
689 1154
690 1132
691 855
691 1114
691 1138
691 1097
691 1039
691 788
692 951
692 785
692 789
693 979
693 808
693 1142
694 698
694 1080
695 707
696 722
697 865
700 802
700 1007
701 1060
702 999
703 761
706 1073
706 1068
706 813
706 834
706 877
708 976
708 875
708 943
708 731
708 1119
708 970
708 828
708 1146
708 773
708 1156
708 1143
708 932
708 934
709 1069
710 879
710 858
710 940
710 812
710 728
710 892
710 1120
710 721
711 899
711 886
713 1022
713 861
714 1072
714 740
715 825
716 865
717 1052
717 929
717 947
717 864
717 852
717 830
720 1133
720 991
721 812
722 980
722 903
722 1071
722 1132
722 760
722 940
723 831
724 740
724 1072
724 948
725 788
726 1010
727 824
727 1035
728 940
729 1030
730 863
730 1083
731 943
731 1143
732 1020
733 1108
733 830
733 936
733 1107
733 832
733 908
734 1100
734 1071
735 1114
736 861
737 1037
737 1001
737 1053
737 1070
737 961
738 1032
738 1151
739 1135
739 909
740 1072
740 948
742 990
742 1147
742 996
743 921
743 805
743 759
743 888
743 760
743 1157
743 1005
743 822
744 1101
745 841
746 1011
746 898
746 794
746 1131
748 757
748 798
748 1157
749 1068
749 1079
749 793
753 1031
753 1038
754 873
755 911
755 956
755 920
755 877
756 1157
757 798
757 1157
760 799
760 782
760 774
760 1132
760 956
760 877
760 1079
760 992
760 805
760 997
761 1006
762 975
762 1132
763 1149
765 970
765 807
767 944
769 865
769 841
770 1075
774 992
774 1132
774 1042
775 812
776 788
776 1117
777 1105
777 872
777 950
777 882
777 814
777 1118
777 845
777 1157
779 1049
780 1135
780 1000
781 1161
782 1079
784 908
786 912
787 1081
788 801
788 1097
788 871
788 806
788 1117
788 1074
788 1048
788 881
789 1003
792 902
792 1038
793 1079
794 898
794 1131
796 900
798 1157
800 874
801 1030
801 881
802 1007
803 889
806 871
807 970
808 1142
808 979
810 1134
810 861
813 877
813 834
813 1031
815 917
816 889
819 971
820 854
820 1136
821 1064
822 870
823 1056
824 1093
824 880
824 1031
824 1035
824 1079
824 1157
826 939
826 928
829 882
830 973
830 948
830 1019
830 1028
830 1132
830 904
830 908
830 832
830 1081
832 973
832 1108
832 1107
833 971
834 1079
834 877
835 1137
836 981
836 1103
840 999
840 941
841 1055
841 865
841 1160
843 1058
844 999
845 856
846 1145
849 884
850 1114
852 1052
853 1150
853 869
853 1065
854 1087
854 906
854 1136
854 1054
855 1114
855 1039
855 1082
856 910
857 1117
858 1025
858 1095
861 1072
861 1022
864 929
865 1055
865 913
866 1157
868 949
872 882
873 957
873 1086
874 973
875 934
875 1119
876 963
877 956
877 959
877 1031
877 1079
877 911
877 1068
877 1073
877 1157
879 892
880 882
880 962
882 1029
882 1050
882 1109
882 1148
882 920
883 1079
885 925
886 899
888 1005
890 1025
890 1007
891 1025
895 1128
895 1051
898 1131
901 912
902 1038
902 1031
903 1047
903 1071
903 1026
905 969
906 1087
907 1049
908 920
911 956
915 1096
916 1130
918 1067
919 1059
919 1066
920 1071
922 1159
928 939
933 1061
933 1073
934 1119
935 993
935 977
936 1108
936 1122
938 1132
941 999
942 1130
943 1143
945 1123
946 1077
947 1052
948 1072
948 1081
952 1028
953 1162
954 1098
955 1084
955 1124
957 1086
959 1079
959 1031
960 1132
960 1042
961 1053
961 1001
961 1037
965 1102
965 989
966 1139
967 968
970 1146
972 1039
975 1132
976 1119
976 1146
979 1142
979 1125
981 1017
981 1023
981 1103
983 1078
987 1106
989 1102
990 1147
990 996
991 1133
992 1132
994 1008
996 1147
998 1041
999 1048
1001 1053
1004 1112
1007 1025
1008 1012
1008 1030
1012 1030
1012 1058
1014 1148
1016 1018
1017 1023
1023 1127
1025 1040
1025 1154
1026 1047
1026 1071
1027 1071
1029 1148
1029 1109
1031 1079
1031 1068
1031 1038
1031 1157
1032 1151
1033 1111
1039 1114
1042 1132
1043 1077
1047 1071
1051 1128
1053 1070
1055 1160
1059 1066
1068 1079
1068 1073
1071 1143
1071 1100
1081 1125
1082 1114
1085 1114
1094 1129
1094 1141
1107 1108
1109 1148
1113 1121
1118 1157
1119 1146
1129 1141
