290 397
0 200
1 26
1 110
2 201
2 210
3 16
3 77
4 9
4 80
4 250
5 75
5 166
6 115
6 272
7 251
7 93
7 228
7 165
8 220
8 91
8 262
8 277
9 80
9 250
10 238
10 105
10 129
10 55
11 168
11 17
11 44
11 73
11 242
11 15
12 52
12 240
12 284
13 209
13 223
14 237
14 56
14 57
14 178
14 137
14 258
14 104
14 222
14 212
15 168
15 17
15 44
15 73
15 270
15 230
15 242
15 101
15 65
15 130
16 203
16 77
16 220
16 82
16 289
17 68
17 269
17 204
17 79
17 282
17 103
17 174
17 168
17 141
17 259
18 254
18 221
18 119
19 248
19 106
20 284
20 94
21 265
21 239
22 92
22 48
22 227
23 52
24 31
25 246
26 110
27 255
27 233
28 284
28 217
28 171
29 234
29 167
29 35
30 208
32 62
32 76
32 133
33 234
34 265
35 234
36 266
37 58
37 90
37 89
38 99
38 139
38 267
39 263
39 134
39 61
40 89
40 145
41 141
42 159
43 240
43 196
44 73
44 168
44 242
45 273
46 117
46 87
46 192
47 206
48 92
48 227
49 158
50 102
51 91
51 116
51 287
52 191
52 183
52 88
52 229
52 214
52 59
52 175
52 136
52 271
52 196
52 67
52 286
53 80
53 250
53 86
54 267
54 156
55 238
56 57
56 212
57 268
57 212
57 161
58 89
59 183
59 67
59 175
60 253
60 70
61 263
61 134
62 76
62 150
62 133
63 87
63 158
63 276
63 85
64 199
64 284
64 124
66 213
66 214
66 188
66 249
67 175
68 108
68 204
68 269
68 193
68 142
69 194
69 259
70 253
71 113
71 267
72 160
72 149
73 242
73 168
74 275
75 166
76 133
76 150
78 151
79 204
79 282
79 269
79 174
79 103
80 250
80 95
80 102
80 86
81 140
81 144
82 289
83 177
83 270
83 182
84 179
85 87
85 158
85 276
86 250
86 102
86 95
87 264
87 173
87 119
87 117
87 158
87 276
87 192
87 125
88 286
88 196
89 145
89 90
91 277
91 116
91 287
92 227
93 246
93 152
94 284
95 250
95 102
96 286
97 98
99 147
99 267
99 284
99 139
99 240
100 176
100 259
102 266
102 250
102 118
102 278
103 282
104 237
104 222
105 288
106 248
107 207
107 236
107 216
107 210
107 198
108 142
109 180
111 184
111 170
112 143
112 128
113 267
114 283
114 121
115 272
116 287
117 173
117 119
118 278
118 266
119 173
119 221
120 275
120 267
121 283
122 171
122 274
122 247
122 141
123 243
123 126
124 199
124 284
124 224
125 252
126 243
126 164
127 148
128 143
131 186
131 267
132 236
132 155
133 150
134 263
135 167
136 214
136 175
137 258
138 279
139 267
139 257
140 144
141 171
141 259
146 215
149 160
152 246
153 282
154 280
154 261
155 236
156 267
157 255
158 204
158 276
162 202
163 197
165 228
168 242
169 193
170 184
171 284
171 217
172 226
174 269
174 204
174 282
175 191
175 271
176 259
181 265
182 270
183 229
185 260
185 256
186 267
187 231
188 213
188 214
188 249
189 289
189 195
190 269
190 244
191 235
191 271
192 264
194 259
195 289
196 286
198 236
199 284
203 220
204 269
204 282
204 275
205 225
205 275
205 267
207 216
210 236
211 241
213 214
213 249
214 249
216 232
217 284
218 285
219 259
220 262
222 237
225 275
225 267
239 265
240 284
244 269
244 281
245 266
247 274
256 260
261 280
266 278
267 275
269 281
269 282
