1033 2291
0 421
1 563
1 948
2 225
2 594
3 178
4 630
4 955
4 369
4 959
4 743
4 341
4 784
5 737
5 661
5 766
5 148
5 613
5 517
5 698
5 979
5 815
5 95
5 424
5 161
5 76
6 146
6 880
6 1031
6 187
6 943
6 355
6 851
6 640
6 772
7 803
8 878
8 580
8 549
9 748
9 40
9 38
9 315
10 17
10 416
11 493
11 216
11 633
11 571
11 828
11 926
11 374
11 375
11 342
11 100
11 631
11 408
12 840
12 130
12 632
12 889
12 407
12 220
12 671
12 252
12 611
12 891
12 651
12 389
12 339
12 440
12 923
12 784
12 327
12 116
13 279
13 833
13 502
13 792
13 372
14 292
14 445
15 248
15 285
15 499
15 621
15 999
15 454
15 964
15 887
15 417
16 809
16 114
16 957
16 32
17 416
18 420
18 305
18 90
18 274
18 464
19 988
19 970
19 250
20 364
21 936
21 672
21 1003
21 858
21 534
21 185
21 163
21 806
21 23
21 210
21 408
21 994
22 632
22 286
22 823
22 262
22 551
22 227
22 1022
23 313
23 845
23 350
23 991
23 168
23 1003
23 787
23 974
23 858
23 789
23 644
23 450
23 303
23 935
23 628
23 211
23 362
23 634
24 898
24 308
24 632
24 520
25 77
26 573
26 997
27 139
27 702
27 466
27 828
27 203
27 188
27 696
27 399
27 293
27 881
27 814
27 740
27 122
27 628
27 912
28 975
28 46
29 783
29 607
29 163
30 214
31 481
32 1008
32 477
32 145
32 632
32 88
32 76
32 809
32 957
32 942
32 389
32 848
32 801
32 263
32 1020
32 306
32 526
32 653
33 546
33 669
33 484
33 183
34 215
34 103
34 834
35 285
35 329
36 224
36 837
36 410
36 898
36 632
37 166
37 614
37 423
38 748
38 40
38 315
39 460
39 353
39 106
39 740
40 315
40 748
41 930
41 615
41 90
41 872
42 582
42 784
43 843
43 1011
44 648
44 60
44 610
44 50
45 918
45 1027
46 975
47 207
48 733
48 952
49 1009
49 1018
49 978
50 803
50 905
50 648
50 60
50 475
50 610
50 71
51 190
51 765
51 998
52 525
53 546
54 698
54 554
54 564
54 896
55 313
55 383
55 606
55 866
55 867
55 641
56 546
57 824
57 980
58 789
58 877
58 720
58 739
58 221
58 1019
58 620
58 965
58 393
58 281
59 686
59 601
59 85
60 803
60 905
60 648
60 610
60 71
61 515
61 253
61 725
61 659
61 352
61 296
61 668
62 828
62 571
62 408
63 233
63 514
63 79
63 519
63 520
63 340
63 343
63 474
64 785
65 418
65 1028
65 242
65 371
65 303
66 247
67 535
68 777
68 756
68 279
69 282
69 695
69 97
69 715
69 558
69 854
70 122
70 117
70 399
71 803
71 905
71 475
71 610
72 906
72 110
72 711
73 461
73 633
73 482
73 999
73 401
73 342
73 621
73 216
73 695
73 623
73 836
73 389
73 209
73 247
73 537
73 676
73 489
73 784
73 328
73 362
73 1029
74 963
74 584
74 102
74 659
74 572
74 679
74 574
74 602
74 892
74 434
74 486
74 700
74 137
74 744
74 158
74 301
74 362
75 828
75 639
76 663
76 938
76 661
76 957
76 419
77 907
78 324
78 413
78 787
78 499
78 943
78 640
78 730
79 233
79 164
79 340
79 717
79 474
80 804
80 221
81 963
81 784
81 859
81 828
81 582
81 675
81 924
81 743
81 341
81 818
81 527
81 170
82 186
82 789
82 246
83 624
83 151
84 856
84 868
84 431
85 686
85 601
86 474
86 770
87 637
87 915
87 769
87 629
88 477
88 129
88 512
88 619
88 446
88 848
88 914
88 790
88 389
88 653
88 306
88 1020
88 456
88 839
88 632
89 538
89 265
89 921
89 740
90 544
90 763
90 615
90 464
90 618
90 132
90 274
90 519
90 930
90 305
90 420
90 872
90 636
90 511
91 479
91 924
91 341
92 950
92 104
93 493
94 538
94 169
94 146
94 381
94 628
95 822
95 515
95 737
95 531
95 465
95 253
95 830
95 500
95 396
95 847
95 261
95 560
95 488
95 357
95 296
95 581
95 599
96 489
96 422
97 695
97 558
98 201
98 348
99 973
99 402
99 443
99 761
100 676
100 408
101 654
102 574
102 892
102 679
102 137
103 215
103 834
104 950
105 264
105 773
105 361
105 252
105 193
106 460
106 353
106 740
107 118
107 657
107 275
108 455
108 885
109 895
109 334
109 412
110 906
110 711
111 759
112 960
113 794
113 953
114 957
115 385
116 313
116 840
116 276
116 407
116 805
116 793
116 329
116 988
116 130
116 370
116 787
116 789
116 551
116 992
116 1023
116 946
116 232
116 553
116 567
116 889
116 635
116 751
116 891
116 740
116 440
117 826
117 727
117 399
118 657
119 650
120 750
120 734
121 441
121 350
121 764
121 427
121 619
121 933
121 753
121 695
121 163
121 389
121 373
121 744
121 287
121 472
121 655
121 767
121 541
122 399
122 139
122 814
122 740
123 695
123 336
123 163
123 863
124 292
124 841
124 667
125 963
125 955
125 572
125 673
125 924
125 679
125 602
125 341
126 478
126 532
126 149
126 893
126 626
126 821
127 949
128 784
129 782
129 632
129 288
129 790
129 839
130 889
130 407
130 891
130 440
131 243
132 763
132 656
132 511
132 618
132 559
132 519
132 930
132 758
132 280
132 636
133 658
134 318
134 707
134 236
135 338
135 329
136 962
136 392
137 963
137 498
137 540
137 574
137 892
137 679
138 638
138 365
138 296
138 736
139 857
139 548
139 399
139 388
139 814
139 740
139 982
140 752
141 595
141 971
142 787
142 289
142 152
143 163
144 563
145 1008
145 942
145 801
146 460
146 387
146 187
146 251
146 605
146 921
146 466
146 433
146 470
146 169
146 943
146 355
146 851
146 640
146 628
146 265
146 913
146 240
146 855
147 712
148 613
148 517
148 661
149 563
149 626
149 948
150 415
151 624
152 787
152 289
153 451
153 499
153 902
154 1012
154 642
154 222
155 385
156 764
157 451
157 267
157 417
158 584
158 963
158 679
158 486
159 566
159 252
159 738
159 258
159 773
159 266
160 1021
161 708
161 196
161 661
161 399
161 815
162 438
162 1026
163 695
163 753
163 427
163 604
163 783
163 863
163 576
163 336
163 578
163 373
163 411
163 607
163 726
164 717
164 233
165 903
166 614
166 423
167 476
167 483
167 912
168 450
169 538
169 628
169 381
170 963
170 988
170 582
170 341
170 743
170 287
170 228
170 784
171 256
171 685
171 316
172 219
172 291
173 963
173 198
173 231
173 414
173 959
173 374
173 743
173 784
173 838
174 976
174 909
175 264
175 750
175 688
176 888
176 569
176 1011
176 692
176 400
176 498
176 319
176 333
176 555
176 405
176 561
176 492
176 1002
176 644
177 968
177 1005
177 329
179 750
179 614
180 525
181 744
181 329
182 865
182 985
182 886
183 484
184 442
184 468
184 449
185 534
185 1003
186 695
186 789
186 191
186 721
187 740
187 470
187 943
187 355
187 851
187 640
187 240
188 828
188 814
189 695
189 293
190 765
190 998
191 695
191 789
191 953
192 598
192 368
192 223
192 242
192 902
192 729
192 213
193 612
193 361
193 252
193 923
193 429
193 446
193 773
193 718
193 714
193 264
193 438
193 705
193 512
194 362
195 256
197 529
197 619
197 706
197 389
198 963
198 924
199 462
199 660
199 1025
199 418
199 242
199 820
200 451
200 379
201 348
202 488
203 912
203 696
204 216
204 447
204 451
204 849
204 1004
204 539
204 408
205 662
205 958
205 646
205 852
206 445
206 346
206 916
206 448
206 335
208 736
208 233
208 290
208 519
208 683
208 296
209 784
209 461
209 537
210 1003
211 845
211 362
211 644
212 776
212 761
213 729
214 437
214 436
214 1011
215 834
216 894
216 676
216 926
216 451
216 849
216 1004
216 579
216 408
217 1010
217 847
217 560
218 828
219 256
219 733
219 239
219 291
220 962
220 934
221 804
222 1012
222 642
223 598
223 445
223 467
223 242
223 960
223 902
223 368
223 509
224 898
224 837
224 410
224 632
225 594
226 347
226 421
226 768
227 632
227 286
227 823
227 262
227 551
227 1022
228 988
228 591
228 498
228 287
228 260
228 486
228 1029
228 341
229 481
229 334
229 895
230 703
231 414
231 959
231 838
232 635
232 805
232 793
233 519
233 514
233 290
233 520
233 340
233 717
233 683
233 343
233 474
234 611
235 425
235 693
235 354
235 761
236 318
237 479
237 664
237 1029
237 341
238 957
240 640
240 470
240 355
240 740
241 524
241 503
241 827
242 918
242 598
242 445
242 368
242 397
242 371
242 797
242 462
242 625
242 902
242 292
244 911
244 425
244 916
244 879
245 882
246 789
247 623
247 676
249 634
249 1001
249 272
250 988
250 970
251 466
251 406
251 740
251 307
251 295
252 512
252 446
252 258
252 773
252 714
252 264
252 266
252 718
252 457
252 923
252 327
252 738
252 361
252 612
252 566
252 429
252 651
252 438
252 705
253 296
253 599
253 261
254 778
254 705
254 939
254 718
255 588
255 956
255 658
256 316
256 349
256 1016
256 685
257 543
257 310
258 773
258 266
258 738
259 687
260 988
261 515
261 296
261 599
262 823
262 286
262 551
263 963
263 1010
263 499
263 526
264 750
264 773
264 361
264 688
265 873
265 921
265 789
265 742
265 913
265 740
265 855
266 773
266 738
267 451
267 417
268 716
269 919
269 1030
270 870
270 719
270 552
270 518
271 695
271 789
271 953
273 860
273 780
273 674
273 649
274 523
274 305
274 464
275 1029
275 676
276 946
277 677
277 713
277 669
278 695
278 498
278 789
279 900
279 399
279 499
279 438
279 795
279 678
279 833
279 664
279 701
279 792
279 777
279 502
279 372
279 756
280 758
281 965
282 695
282 854
282 715
283 836
283 473
283 788
283 452
283 551
284 477
285 412
285 723
285 895
285 329
286 782
286 671
286 790
286 823
286 551
286 1022
286 632
287 988
287 970
287 591
287 497
287 753
287 1029
287 927
287 764
288 632
289 787
290 736
290 519
290 296
290 683
292 841
292 445
292 368
292 505
292 667
293 466
293 399
293 695
293 881
294 704
295 307
295 406
295 466
295 740
296 638
296 515
296 599
296 830
296 519
296 593
296 507
296 352
296 365
296 736
296 396
296 822
297 329
298 359
298 329
299 480
300 321
300 773
301 434
301 679
302 322
302 341
302 673
302 924
302 929
303 313
303 737
303 844
303 787
303 368
303 789
303 791
303 1028
303 445
303 835
303 757
303 608
303 459
304 477
304 1021
305 464
305 523
305 1016
305 774
305 420
306 477
306 848
306 389
306 653
306 1020
306 632
307 466
307 606
307 406
307 881
307 740
308 876
308 632
308 520
308 790
308 898
308 870
308 1022
308 839
309 920
309 957
310 543
310 762
310 1014
310 732
311 775
311 853
312 910
313 988
313 553
313 567
313 787
313 789
313 957
313 942
313 828
313 690
313 641
314 834
315 748
316 685
317 796
317 728
319 1011
319 692
319 405
319 561
319 492
320 828
321 773
322 673
322 924
323 749
323 895
324 730
324 499
324 413
325 499
326 761
327 923
327 651
328 836
328 389
328 489
329 802
329 1015
329 398
329 412
329 399
329 842
329 968
329 494
329 338
329 744
329 740
329 895
330 380
330 621
331 731
331 871
331 465
332 895
333 555
333 888
333 1011
333 692
334 895
335 445
335 346
336 604
336 695
336 726
336 578
337 425
339 833
340 481
340 832
340 376
340 378
340 474
340 612
341 963
341 988
341 479
341 808
341 861
341 673
341 582
341 924
341 1029
341 630
341 929
341 784
341 743
342 633
342 401
342 461
342 631
343 773
343 513
344 598
344 797
345 366
346 445
346 625
346 902
346 397
347 768
349 485
349 587
349 1016
350 744
350 372
351 996
351 698
351 435
351 911
351 896
351 525
351 508
351 564
351 1006
352 515
353 460
353 740
354 425
355 740
355 470
355 943
355 851
355 640
356 493
356 487
356 1011
357 500
357 847
357 560
358 399
358 742
358 990
358 740
360 597
361 773
362 991
362 858
362 453
362 679
362 845
362 628
362 644
363 920
363 488
365 638
365 736
367 563
367 948
368 762
368 598
368 844
368 1014
368 902
368 779
368 459
369 630
369 955
369 784
369 959
370 553
370 425
370 1023
370 789
370 992
372 833
372 792
372 502
373 695
373 427
373 753
374 784
374 375
374 743
376 378
376 481
377 680
377 901
378 481
379 451
380 621
381 538
381 628
382 918
382 521
382 825
383 606
383 866
383 867
384 451
384 890
386 568
386 1011
387 433
387 605
388 548
389 529
389 619
389 456
389 553
389 848
389 706
389 653
389 836
389 655
389 784
389 489
389 800
390 471
390 522
391 550
393 620
393 720
394 963
394 951
394 995
395 584
395 1011
395 617
395 555
396 515
396 830
397 625
397 902
398 788
398 551
399 781
399 1015
399 466
399 727
399 812
399 433
399 881
399 814
399 744
399 628
399 826
399 499
399 701
399 740
399 702
400 1011
400 549
400 1002
400 596
400 796
400 716
400 644
401 623
401 621
401 482
402 973
402 443
402 404
402 428
402 761
403 989
403 491
403 1017
404 428
404 443
404 761
405 569
405 1011
405 498
405 561
405 492
406 466
406 740
407 840
407 889
407 891
407 440
408 672
408 534
408 828
408 451
408 571
408 1004
408 849
408 627
408 760
409 822
410 898
410 837
410 632
411 576
412 895
412 468
413 730
413 499
414 959
414 838
417 634
417 499
417 447
417 689
417 451
417 960
418 862
419 957
420 523
420 774
420 966
422 489
422 589
423 614
424 979
424 766
425 879
426 623
427 695
428 443
428 761
429 446
429 718
429 438
429 705
429 512
430 962
431 856
431 868
432 983
433 583
433 530
433 1015
433 605
433 921
433 913
434 988
434 963
434 924
434 679
435 911
435 469
436 904
436 1011
436 437
436 499
436 740
436 1010
437 1011
438 829
438 446
438 575
438 900
438 678
438 795
438 664
438 1010
438 718
438 705
438 512
439 972
439 602
440 889
440 891
441 472
441 933
441 767
442 1032
442 468
442 449
443 973
443 761
444 608
444 831
445 608
446 512
446 914
446 773
446 718
446 705
447 451
447 539
448 916
449 468
449 1032
449 705
449 547
450 937
450 545
451 849
451 1004
451 539
451 902
451 490
451 819
451 570
451 634
451 499
451 890
451 703
452 836
452 551
452 473
452 929
453 622
453 845
453 644
455 885
456 619
457 705
457 998
457 612
457 714
458 884
458 531
459 737
459 844
459 791
459 835
460 740
461 633
461 537
461 784
462 660
462 820
462 1025
463 828
463 789
465 731
465 871
465 531
466 606
466 881
466 740
467 509
468 895
468 1032
468 705
468 547
470 640
470 740
471 522
472 933
472 767
473 836
473 551
473 929
474 770
474 519
475 610
476 483
476 912
477 848
477 653
477 1020
477 1021
477 632
478 626
479 709
479 924
479 664
479 1029
482 677
482 713
482 623
482 1029
482 669
483 973
483 912
483 874
486 584
486 988
486 498
486 679
486 591
486 963
487 553
487 987
487 1011
487 846
487 681
487 875
489 836
490 819
490 703
490 570
491 989
491 1017
492 561
492 1011
493 755
494 842
495 1000
495 562
496 687
496 947
497 988
498 988
498 963
498 970
498 591
498 569
498 1011
498 540
498 789
498 695
498 679
499 1010
499 652
499 787
499 771
499 730
499 701
499 902
499 580
500 847
500 560
501 787
502 833
502 792
503 524
503 827
504 586
504 679
506 949
506 575
506 838
507 593
507 940
507 697
508 996
508 1006
509 960
510 600
511 763
511 618
511 559
511 519
511 656
512 914
512 773
512 718
512 705
514 520
515 599
515 644
516 694
516 705
516 998
517 613
517 661
518 552
518 719
518 870
518 684
519 736
519 618
519 763
519 656
519 683
519 559
520 898
520 632
521 825
523 774
524 746
524 827
526 942
527 818
527 828
527 675
527 859
527 784
528 916
528 1007
529 619
529 706
530 583
531 884
531 656
532 893
532 821
533 757
534 672
536 590
537 784
538 628
540 963
540 679
542 883
544 930
544 872
547 705
549 878
549 1011
549 796
549 716
549 580
551 992
551 1023
551 788
551 823
551 836
552 870
552 719
552 684
553 992
553 789
553 1023
554 698
554 896
554 564
555 584
555 888
555 1011
555 617
555 692
556 953
557 954
558 695
559 656
560 847
560 1010
560 897
560 658
561 1011
562 1000
563 902
563 626
563 948
564 896
564 698
565 691
565 632
566 738
567 787
567 988
568 1011
569 1011
570 819
570 703
571 627
571 828
572 963
572 574
572 602
572 679
573 997
574 892
574 679
575 949
575 838
577 799
578 695
578 604
578 726
579 1004
580 878
580 652
580 771
582 963
582 743
582 784
584 963
584 1011
584 679
585 722
585 1013
586 679
588 658
591 988
591 970
591 1029
592 747
595 971
596 1011
598 918
598 797
598 902
601 686
602 963
602 972
602 700
602 679
602 961
603 864
604 695
604 726
606 881
606 866
606 867
607 783
608 844
608 831
609 645
609 741
610 648
612 714
612 705
613 661
613 698
614 750
615 930
615 872
616 918
616 1027
617 1011
618 763
618 1016
618 930
619 706
619 655
620 877
620 720
620 1019
621 623
621 964
622 644
625 902
626 948
627 680
628 991
628 740
628 858
628 990
628 742
628 814
630 959
630 955
630 743
630 784
631 633
632 876
632 782
632 848
632 653
632 790
632 870
632 1022
632 691
632 898
632 1020
632 837
632 839
634 786
634 953
634 766
634 724
634 798
634 1001
634 845
634 643
635 805
635 793
636 763
637 915
637 769
638 736
639 828
640 880
640 943
640 851
640 1031
640 772
640 740
642 1012
643 724
644 957
644 1011
644 1002
644 809
644 845
645 741
646 662
646 958
646 852
647 705
648 905
649 860
649 780
651 923
652 771
652 967
653 848
653 1020
657 769
658 928
658 897
658 944
658 956
658 917
659 888
659 1011
659 692
659 679
659 744
659 1010
660 820
660 1025
661 815
662 958
662 852
663 809
663 938
663 957
664 678
664 795
664 1029
664 900
665 984
666 750
667 841
668 725
669 677
669 713
669 1029
670 955
670 963
670 710
673 924
673 929
674 780
675 784
675 828
675 859
675 818
676 1029
677 713
677 1029
679 700
679 692
679 1011
679 963
679 888
679 892
680 901
681 875
681 1011
682 1024
684 870
684 719
687 947
688 773
688 750
688 734
689 960
692 888
692 1011
693 761
694 705
694 998
695 715
695 854
695 789
695 726
695 999
695 753
695 1029
696 912
697 940
698 896
699 903
700 963
702 814
703 819
705 778
705 718
705 714
705 939
705 998
706 899
710 963
711 906
713 1029
714 923
715 854
716 796
718 778
719 870
720 1019
720 877
722 1013
722 769
727 826
728 796
731 871
732 762
732 1014
733 952
734 773
734 750
735 945
737 844
737 835
739 789
740 873
740 913
740 921
740 1011
740 810
740 814
740 742
742 873
742 991
742 990
743 963
743 784
744 1015
745 879
745 986
746 925
749 895
749 846
749 932
750 773
751 946
753 764
754 1021
756 777
757 791
761 973
761 776
762 1014
762 779
763 930
765 998
766 918
766 979
767 933
769 915
772 880
772 1031
775 853
779 1014
780 860
781 812
782 790
782 839
784 859
784 861
784 924
784 963
784 818
784 955
784 959
784 1029
786 798
787 988
787 789
787 862
789 953
789 941
789 992
789 1023
789 828
790 876
790 898
790 839
790 1022
792 833
793 805
794 953
795 900
797 918
797 902
801 1008
801 942
806 936
806 994
807 981
808 924
809 938
809 957
811 869
813 940
814 828
816 954
817 993
818 859
820 1025
821 893
824 980
825 1010
828 957
835 844
837 898
838 949
838 959
840 889
843 1011
846 895
846 932
847 1010
848 1020
849 1004
850 962
851 943
852 965
852 958
855 921
856 868
857 982
858 991
858 1003
861 963
861 924
865 985
865 886
866 867
870 1022
872 930
874 973
875 1011
876 898
876 1022
877 1019
879 911
879 916
879 986
880 1031
886 985
888 1011
889 891
895 932
897 917
897 944
898 1022
902 918
908 1023
909 976
911 916
916 1007
917 944
917 928
918 931
918 1027
919 1030
920 957
922 969
924 963
924 988
924 955
924 929
924 1029
927 988
927 970
934 962
936 994
938 957
941 953
942 1008
944 956
955 963
955 959
957 1020
963 988
963 995
970 988
977 988
978 1009
978 1018
988 1029
989 1017
990 991
992 1023
999 1029
1002 1011
1009 1018
