231 302
0 177
1 111
1 92
2 165
3 88
4 7
4 66
4 204
5 205
5 78
5 187
5 139
6 82
6 224
7 66
7 204
8 63
8 88
8 107
8 45
9 42
9 195
9 228
10 117
10 120
11 114
11 182
11 115
12 141
12 124
12 109
12 61
12 219
12 189
12 197
12 85
12 198
12 54
12 108
13 214
14 208
14 181
14 97
15 202
15 89
16 228
16 79
17 105
18 42
19 209
20 228
20 179
20 142
21 191
21 140
21 27
22 171
23 132
24 51
24 62
24 211
25 191
26 31
27 191
28 215
29 47
29 76
29 75
30 83
30 116
30 216
31 151
32 118
33 134
34 195
34 161
35 220
36 95
36 73
36 158
37 170
38 180
38 167
38 68
38 230
39 133
40 86
41 201
42 157
42 153
42 74
42 188
42 176
42 48
42 146
42 113
42 77
42 161
42 56
42 229
43 72
44 216
44 131
45 63
46 217
46 136
47 75
48 153
48 56
48 146
49 207
49 94
50 213
50 221
50 154
51 62
51 125
51 211
52 73
52 133
52 223
52 71
53 164
53 228
53 102
55 175
55 176
55 156
55 203
56 146
57 168
57 123
57 124
57 159
58 160
58 72
59 93
59 216
60 135
60 99
61 197
61 141
61 198
61 109
62 211
62 125
64 126
65 168
65 124
65 227
65 123
65 145
65 87
66 80
66 204
67 172
67 183
68 230
69 148
69 219
69 152
70 149
71 73
71 133
71 223
72 160
72 84
72 147
73 144
73 158
73 95
73 133
73 97
73 223
73 103
74 229
74 161
75 76
77 157
77 146
78 201
78 127
79 228
80 204
81 229
82 224
83 116
83 216
83 122
84 147
86 215
86 119
86 96
87 124
87 227
89 202
90 193
90 173
90 163
91 150
92 111
93 216
94 207
95 144
95 97
96 119
96 215
97 144
97 181
98 222
98 216
99 135
100 142
100 118
101 162
101 104
102 164
102 228
102 184
103 206
104 162
104 138
106 218
106 225
109 141
109 198
109 197
110 193
110 130
112 140
113 176
113 146
114 115
116 216
116 210
117 120
118 142
119 215
121 178
123 168
123 124
123 145
123 227
123 199
124 168
124 227
124 145
124 141
124 198
125 211
127 201
128 227
129 226
129 212
130 193
131 216
133 168
133 223
137 166
139 187
141 197
141 198
142 228
142 179
143 186
145 168
145 227
146 157
152 219
153 188
154 213
154 221
155 190
156 175
156 176
156 203
157 192
161 229
163 193
164 228
167 180
168 227
168 222
169 185
169 222
169 216
173 193
174 196
175 176
175 203
176 203
179 228
185 222
185 216
194 209
195 228
197 198
200 215
212 226
213 221
216 222
218 225
