796 1578
0 322
1 170
1 470
2 482
2 732
2 280
2 734
2 574
2 257
2 629
3 242
3 506
3 590
3 113
3 173
3 396
3 535
3 750
3 627
3 73
3 325
3 122
3 59
4 491
5 618
6 578
6 30
6 28
6 236
7 88
7 306
8 643
8 99
8 484
8 677
8 447
8 166
8 747
8 468
8 679
8 299
8 255
8 629
8 334
8 87
9 211
9 638
9 584
9 791
9 283
10 186
10 562
10 475
10 767
10 344
10 738
10 675
11 132
11 181
11 218
12 321
12 226
12 263
12 209
12 352
13 745
13 733
14 715
14 514
14 771
14 763
14 409
14 140
14 124
14 770
14 158
14 313
15 171
15 787
15 214
15 484
16 264
16 760
16 128
16 486
16 591
16 340
16 144
16 480
16 159
16 274
16 495
17 40
17 329
17 766
18 60
19 357
20 539
20 354
20 636
20 152
20 143
20 533
20 306
20 219
20 671
20 626
20 105
20 92
20 480
20 693
21 746
21 235
22 602
22 466
22 124
23 367
24 774
24 363
24 484
24 68
24 59
24 623
24 733
24 721
24 745
24 299
24 650
24 227
24 785
24 616
24 500
25 419
25 511
25 286
25 138
26 163
26 78
26 639
27 562
27 247
28 578
28 30
28 236
29 349
29 572
30 236
30 578
31 263
31 664
32 328
32 629
33 47
34 639
35 754
36 155
37 524
37 729
38 775
38 783
38 513
39 618
39 497
39 47
39 689
39 56
40 329
40 766
41 403
42 419
43 234
43 292
43 459
43 660
43 661
43 492
44 91
44 751
45 167
45 405
45 556
45 571
45 606
45 474
46 307
46 134
46 777
46 495
47 618
47 56
47 689
48 266
48 427
48 220
48 668
48 190
49 636
49 595
49 313
50 151
50 394
50 62
50 397
50 398
50 256
50 259
50 361
51 603
52 319
52 792
52 183
52 282
52 298
53 185
54 673
54 406
55 379
55 240
55 485
55 595
55 636
55 483
55 707
55 284
55 285
55 258
55 525
55 313
56 618
56 689
57 350
57 485
57 368
57 767
57 308
57 258
57 475
57 240
57 749
57 476
57 640
57 299
57 157
57 185
57 411
57 517
57 375
57 629
57 246
57 274
57 793
58 631
58 437
58 461
58 537
58 520
58 711
59 507
59 717
59 506
59 733
59 320
61 604
61 386
62 151
62 125
62 256
62 553
62 361
63 192
63 722
63 505
64 631
64 328
64 705
64 574
64 257
64 629
64 130
65 141
65 606
66 361
66 432
67 489
67 696
67 592
67 481
68 363
68 98
68 484
68 473
68 650
68 607
68 299
68 500
68 227
68 785
68 345
68 642
69 412
69 201
69 702
69 572
70 371
70 414
70 260
70 781
71 379
72 412
72 129
72 111
72 290
72 480
73 727
73 668
73 242
73 406
73 353
73 190
73 387
73 649
73 197
73 430
73 374
73 442
73 220
73 444
73 458
74 375
74 323
75 176
75 262
76 501
77 662
77 555
77 423
77 347
78 163
78 639
79 379
80 200
80 596
80 273
80 189
80 146
81 403
82 89
82 504
82 210
83 315
83 674
84 682
84 252
85 735
86 276
87 234
87 175
87 424
87 620
87 677
87 487
87 447
87 606
87 99
87 679
87 609
87 281
87 761
87 334
87 788
87 643
87 247
87 465
87 572
88 634
88 561
88 306
89 504
90 580
90 566
91 751
92 572
92 306
92 626
92 105
93 124
93 532
94 563
94 644
94 510
95 631
95 732
95 437
95 461
95 520
95 705
96 364
96 407
96 114
96 681
96 478
96 304
97 726
98 642
98 607
98 484
98 601
99 677
99 447
99 679
99 334
100 238
100 543
100 179
101 254
101 247
102 737
103 699
104 490
104 277
104 220
104 568
105 306
105 626
105 572
105 753
106 455
107 454
107 744
108 604
108 217
108 115
109 124
110 593
111 142
111 188
111 464
111 702
111 354
111 330
111 358
111 129
111 268
111 694
111 491
111 297
111 480
111 201
111 182
111 655
112 548
113 173
113 396
113 506
114 593
114 478
114 725
115 604
115 217
116 778
116 493
116 168
117 563
118 588
119 341
119 203
119 318
120 596
120 202
120 189
120 195
120 570
121 786
122 544
122 306
122 506
122 627
123 713
124 560
124 581
124 327
124 253
124 463
124 602
124 532
124 632
124 749
124 441
124 652
124 466
125 553
125 151
126 687
127 362
127 663
127 693
128 340
129 412
129 480
129 290
130 631
130 758
130 328
130 257
130 574
130 156
130 172
130 629
131 414
131 526
131 237
132 218
133 631
133 680
133 174
133 317
133 734
133 284
133 574
133 629
133 641
134 676
134 435
134 777
134 530
134 307
134 385
134 251
134 426
134 312
134 239
134 431
134 378
134 495
135 580
135 469
136 698
136 722
136 430
136 505
137 606
137 730
138 286
139 295
140 409
140 771
141 606
142 491
142 358
142 268
142 572
142 182
143 636
143 626
144 486
144 343
144 159
144 274
144 495
145 457
145 279
145 169
145 183
145 784
145 213
145 161
146 189
146 704
146 596
146 550
146 200
146 273
146 605
147 274
148 414
149 367
150 319
150 183
150 351
151 397
151 394
151 398
151 256
151 553
151 259
151 361
152 693
152 533
153 338
153 341
153 413
154 737
156 758
156 451
156 384
156 793
156 172
157 629
157 350
157 411
158 771
159 274
159 495
160 241
160 515
160 705
160 709
161 213
162 422
162 332
162 777
162 215
163 639
164 596
164 224
165 636
166 737
166 714
167 619
167 691
168 778
168 493
169 457
169 355
169 183
169 735
169 784
169 279
169 293
170 470
171 484
171 214
171 787
172 758
172 451
172 385
172 372
172 793
172 257
173 396
173 506
173 535
174 317
174 734
174 641
175 487
175 620
175 609
176 262
177 468
178 730
179 238
180 733
182 491
182 358
182 268
182 572
183 699
183 457
183 279
183 551
183 282
183 612
183 351
183 477
183 784
184 547
185 476
185 517
187 769
187 486
188 354
189 202
189 346
189 392
189 570
189 704
189 337
189 605
189 596
189 195
189 200
189 273
189 541
189 550
190 220
190 458
190 197
191 599
191 541
191 718
191 554
192 448
192 505
193 631
193 385
193 520
193 711
194 417
194 231
195 596
195 202
195 570
196 527
197 668
197 220
197 458
198 465
199 631
199 776
199 386
200 596
200 273
201 665
201 702
201 573
201 694
201 572
201 655
202 596
202 570
203 341
203 318
204 552
205 700
205 794
206 662
206 555
206 423
206 347
207 749
207 606
207 730
208 657
208 600
208 516
208 498
209 401
209 263
209 226
209 352
210 793
210 517
211 333
211 306
211 386
211 610
211 685
211 519
211 638
211 508
211 538
211 791
211 584
211 283
212 640
212 360
212 309
212 342
212 465
214 601
214 747
214 607
214 787
214 484
216 484
217 604
219 354
219 671
219 306
220 727
220 568
220 458
220 668
220 490
220 389
220 266
220 277
220 453
221 247
222 271
222 247
223 366
224 596
225 363
225 786
226 352
226 401
226 263
226 597
226 321
227 363
227 650
227 299
227 500
227 785
227 484
228 459
228 671
228 354
229 607
229 484
229 662
229 787
229 642
230 701
230 733
231 417
231 586
231 780
231 565
232 598
232 404
233 692
234 424
234 606
234 721
234 492
234 529
235 746
236 578
237 414
237 526
239 777
239 530
239 312
239 431
239 378
240 707
240 517
241 515
241 705
243 579
243 682
244 386
245 585
246 640
246 299
246 375
247 617
247 656
247 306
247 575
247 645
247 380
247 254
247 562
247 572
248 289
248 475
249 564
249 369
249 353
250 682
251 426
251 676
251 777
251 530
252 682
253 749
253 463
253 441
253 560
255 638
256 367
256 637
256 670
256 288
256 361
256 605
257 758
257 631
257 482
257 328
257 705
257 793
257 574
257 629
257 622
258 485
258 308
258 350
258 483
259 596
259 393
261 477
261 784
261 551
263 587
263 352
263 472
263 764
263 710
263 321
263 488
263 664
264 632
264 575
264 283
265 765
265 535
265 683
265 390
265 433
265 772
266 668
267 326
267 557
268 491
268 358
268 572
269 379
269 373
269 777
270 306
270 573
270 569
270 572
272 456
273 596
274 760
274 591
274 343
274 480
274 495
275 701
275 374
277 490
277 568
278 593
278 725
279 457
279 784
279 563
280 482
280 732
280 629
280 734
281 424
281 326
281 788
281 606
281 761
283 638
283 791
283 584
284 629
284 285
284 574
287 521
287 686
288 367
288 670
289 475
290 412
290 480
291 699
291 399
291 633
292 459
292 660
292 661
293 355
293 735
294 341
294 678
296 434
296 777
297 330
297 464
298 647
298 762
298 608
298 792
298 467
298 348
299 473
299 345
299 424
299 650
299 632
299 500
299 640
299 502
299 629
299 375
299 615
300 359
300 400
301 636
302 631
302 428
302 728
303 445
303 777
303 426
304 681
304 407
305 309
305 465
306 656
306 354
306 561
306 330
306 671
306 626
306 575
306 480
306 634
306 386
306 538
306 572
306 539
307 777
307 421
307 611
307 552
307 495
308 476
308 475
308 368
309 465
310 759
310 377
310 782
311 721
312 435
312 777
312 385
312 431
312 378
313 514
313 409
313 636
313 595
313 525
314 727
315 674
316 356
316 682
317 734
317 641
318 486
318 338
318 748
318 341
318 735
319 658
320 733
321 401
321 597
321 740
322 425
323 375
323 449
324 583
324 469
324 651
325 750
325 590
326 557
327 632
327 749
327 652
328 631
328 574
328 629
329 766
330 656
330 464
330 702
330 694
331 758
331 631
331 705
332 688
332 777
332 422
332 386
332 572
332 776
333 439
333 519
333 610
333 508
333 776
333 685
334 677
334 447
334 679
335 795
335 356
335 339
336 467
337 596
337 392
338 341
338 413
339 795
339 356
339 541
339 420
340 716
340 418
341 376
341 436
341 486
341 630
341 386
341 678
341 784
341 413
341 695
341 540
342 640
342 465
342 360
342 709
343 495
345 473
346 541
346 766
346 605
346 550
347 423
347 555
347 662
348 608
349 572
350 485
350 411
350 629
353 564
353 369
353 406
354 459
354 671
356 682
356 795
356 541
356 420
358 491
358 572
359 400
360 640
360 465
360 709
361 432
361 397
362 663
362 693
363 650
363 500
363 785
363 786
363 484
364 478
365 545
367 670
368 476
369 564
370 756
372 385
372 451
372 758
373 424
373 757
373 777
373 648
373 522
373 666
375 640
376 630
376 540
376 436
377 759
377 782
378 431
378 777
380 645
381 628
382 768
383 408
384 758
385 758
385 631
385 451
385 435
385 777
385 606
385 520
385 711
386 776
386 499
386 604
386 695
386 594
386 538
386 784
386 443
387 442
387 649
387 430
388 604
389 453
389 719
389 534
390 765
390 772
391 699
391 471
392 596
394 398
395 531
395 541
395 766
396 506
399 633
401 597
402 576
404 598
405 474
405 556
406 673
406 503
407 681
409 514
410 450
411 629
412 480
414 781
414 526
415 632
416 672
420 541
421 552
421 611
422 777
423 662
423 555
424 761
424 606
424 788
426 445
426 676
426 777
426 530
427 676
427 777
427 530
427 520
427 776
428 631
429 749
430 649
430 442
430 505
431 777
433 535
433 683
434 777
435 777
436 630
436 540
437 631
437 438
437 461
437 520
438 520
439 641
440 614
441 749
441 463
441 560
442 649
443 594
443 499
445 777
446 558
446 779
447 643
447 677
447 679
448 505
451 758
451 793
452 577
454 744
457 699
457 612
457 784
458 668
459 671
459 660
459 661
460 540
461 631
461 537
461 520
462 659
463 749
463 560
465 761
465 788
465 640
466 602
467 647
469 583
469 651
469 580
471 699
472 710
472 587
472 764
473 632
473 502
474 556
475 476
475 738
477 551
477 784
478 725
478 593
479 521
480 760
480 591
480 569
480 573
480 626
482 734
482 732
482 574
482 629
483 485
484 662
484 650
484 607
484 500
484 642
484 787
484 785
484 601
486 790
486 730
486 590
486 559
486 613
486 769
486 494
487 620
487 609
488 587
488 764
489 696
489 592
490 568
491 572
493 778
494 559
495 668
495 733
495 777
495 623
496 541
497 689
498 657
498 600
499 594
499 741
500 650
500 785
502 632
504 592
505 708
505 722
505 698
506 627
507 623
507 717
507 733
508 519
509 580
510 563
510 644
511 518
511 549
512 732
512 631
512 546
513 775
513 783
515 709
515 705
516 600
517 793
518 549
520 631
520 676
520 777
520 530
520 537
520 711
521 686
522 666
522 777
523 789
524 729
528 596
528 580
528 566
530 676
530 777
531 541
531 766
533 693
534 719
535 683
536 687
537 631
539 626
540 630
541 599
541 550
541 718
541 766
541 605
541 554
542 684
546 631
550 704
550 605
551 784
552 611
554 599
555 662
558 779
558 592
560 749
561 634
563 644
565 586
565 780
566 596
566 580
567 723
569 573
569 760
571 606
572 694
572 702
572 665
572 777
572 624
572 573
573 665
573 760
574 631
574 629
575 632
575 656
576 706
579 682
580 596
581 632
581 749
581 652
582 786
583 651
584 638
584 791
586 780
587 710
587 764
589 697
589 773
590 699
590 750
591 760
592 696
593 784
593 725
595 636
600 657
601 607
601 642
604 658
606 749
606 761
606 788
606 720
606 730
607 642
608 762
609 620
610 685
612 699
612 784
613 790
616 774
616 721
619 691
621 752
622 705
623 717
623 733
623 745
625 719
626 636
629 732
629 734
629 793
629 631
631 758
631 711
631 705
631 732
631 680
632 749
632 652
633 776
635 731
638 791
641 734
643 677
646 667
646 777
650 785
652 749
653 739
654 758
655 702
660 661
662 787
663 693
664 710
666 777
667 777
669 758
669 743
676 777
677 679
680 705
682 712
690 788
695 784
697 773
698 722
698 708
699 784
700 794
701 733
703 742
705 758
705 732
705 709
705 793
710 764
714 737
715 763
715 770
717 733
720 730
721 774
724 762
732 734
733 745
733 785
735 748
736 755
743 758
749 767
749 793
758 793
759 782
761 788
763 770
767 793
775 783
