1349 3843
0 539
0 827
0 616
1 1235
1 743
2 554
2 436
2 263
3 230
4 1009
4 1298
5 810
5 1242
5 569
5 1248
5 967
5 428
5 1059
6 1042
6 565
6 732
6 493
6 36
6 745
6 950
6 680
7 638
7 496
8 774
8 813
8 651
8 508
9 192
9 34
9 1343
9 245
9 1183
9 447
9 1104
9 962
9 1007
10 1041
11 1140
11 1311
11 509
11 521
11 85
11 1323
11 229
11 117
11 1256
11 1212
11 868
11 831
12 973
12 59
12 55
12 395
13 1344
13 1008
13 231
13 148
13 975
14 1331
15 835
15 857
15 1247
15 268
15 825
15 335
15 1256
16 422
16 763
16 532
16 1326
16 414
17 636
17 125
17 670
17 1243
17 733
17 1076
17 1268
17 876
17 1204
17 472
17 814
17 474
17 429
17 888
17 1021
17 337
17 46
18 141
18 962
18 383
18 1183
18 185
18 167
18 46
18 995
19 1087
19 159
19 1177
19 519
19 81
19 842
19 386
19 928
19 322
19 176
19 477
19 530
19 605
19 426
19 787
19 1138
19 287
19 1059
19 813
19 1155
19 1156
19 1159
19 228
19 562
20 469
20 1077
20 1033
20 352
20 1029
20 647
20 952
21 293
21 765
22 972
22 732
22 626
22 36
22 847
22 1191
22 890
23 520
23 312
23 1092
23 568
24 1320
24 284
25 318
25 581
25 644
25 1180
25 796
25 1296
25 274
25 108
25 582
25 1255
25 1099
25 91
26 743
26 1048
26 30
26 1246
26 48
27 777
28 133
29 954
29 981
29 673
30 165
30 774
30 1246
30 1278
30 849
31 354
31 871
31 46
31 1302
31 1088
31 1115
31 243
31 214
31 1301
31 36
31 275
31 872
31 1291
32 997
32 596
32 794
32 1253
32 225
32 269
32 386
32 911
32 272
32 1144
32 784
32 584
33 813
33 937
33 1063
33 332
33 710
33 295
33 1327
34 1007
34 1343
34 962
35 1282
35 667
35 129
35 1275
35 931
35 478
35 552
36 393
36 1026
36 565
36 1302
36 1088
36 576
36 493
36 1093
36 411
36 1191
36 285
36 442
36 972
36 1024
36 1332
36 1214
36 1267
36 368
36 377
36 122
36 124
36 788
36 615
36 626
36 720
36 138
36 847
36 456
36 890
36 860
36 219
36 732
36 815
36 978
36 745
36 996
36 831
37 292
37 1297
37 895
37 658
38 1118
38 813
38 937
38 111
38 556
38 694
39 1147
39 999
39 1346
39 1179
39 132
39 512
39 1295
39 166
39 1163
39 1000
39 154
39 74
39 1058
39 634
39 1185
40 155
40 110
41 735
41 601
42 185
42 910
42 596
42 1076
42 266
42 246
42 904
42 508
42 982
42 1144
42 1056
42 825
42 167
42 847
42 392
43 884
43 788
43 1321
43 213
44 1268
44 67
45 1020
45 721
45 982
45 214
45 414
46 1115
46 167
46 383
46 1102
46 677
46 1054
46 267
46 185
46 830
46 670
46 871
46 141
46 1145
46 1183
46 806
46 888
46 733
46 1076
46 578
46 474
46 962
46 995
47 616
48 559
48 1266
48 1098
48 386
48 845
48 333
48 107
48 180
48 893
48 1039
48 612
48 191
48 127
48 1048
48 235
48 679
48 63
48 813
48 1246
48 494
48 1324
49 304
49 704
49 867
49 622
49 1090
50 397
50 145
50 1096
51 414
51 1334
51 108
51 379
52 525
52 813
52 797
52 459
52 153
52 292
52 865
52 1084
53 608
53 260
53 855
53 592
54 992
54 789
54 541
55 973
55 59
55 395
56 1260
56 1292
56 1221
57 192
57 508
57 1132
57 1197
57 858
57 514
57 374
57 392
57 927
57 172
58 589
58 445
58 192
58 149
58 825
59 395
59 973
60 1209
60 790
60 129
60 76
61 165
61 1001
61 668
61 578
61 386
61 911
61 105
61 261
61 856
61 211
61 832
61 269
61 784
61 542
61 405
61 196
61 1057
61 1315
61 353
61 107
61 818
61 906
61 134
61 1273
61 1257
62 548
62 1059
63 191
63 813
63 1266
63 180
63 877
63 1297
63 292
63 388
63 893
64 838
64 88
64 742
64 73
65 1193
65 183
65 1178
65 1336
65 1133
66 936
66 185
67 1268
68 1074
69 578
69 1060
69 655
69 417
69 271
70 265
70 140
71 951
71 1239
72 1309
72 1322
72 870
73 1041
73 1175
73 838
73 88
73 610
73 742
73 101
74 785
74 132
74 1000
74 1295
74 1163
74 154
74 1179
74 1185
75 1139
75 824
75 707
76 1236
76 790
76 129
76 1209
77 372
77 192
77 321
78 1254
78 954
78 548
78 428
78 115
78 967
78 272
78 296
78 1059
79 704
80 397
80 294
80 906
80 750
80 725
80 1164
81 937
82 335
82 825
82 965
82 1018
82 990
83 326
83 704
83 889
84 1064
84 706
84 1274
85 795
85 1140
85 1311
85 509
85 961
85 1026
85 361
85 499
85 868
85 831
85 1323
85 229
85 117
85 1212
85 1256
85 521
85 288
85 913
86 839
86 938
86 1181
86 923
86 473
86 996
87 891
87 1100
87 344
87 123
88 1041
88 1175
88 838
88 742
88 101
89 666
89 689
89 366
89 943
89 304
89 444
89 373
89 866
90 1305
90 848
90 760
90 590
90 1288
90 786
90 371
90 676
90 611
91 815
91 644
91 572
91 1271
91 578
91 1250
91 206
91 337
91 774
92 262
92 664
92 112
92 706
92 671
92 427
92 430
92 609
93 1022
94 1337
94 464
94 467
94 493
94 534
94 312
94 1036
94 480
94 1092
95 1070
95 1033
95 560
95 352
96 343
96 1215
96 554
97 401
97 1262
97 933
97 265
97 766
97 352
97 1014
97 187
97 952
98 1169
98 177
99 921
99 528
99 903
99 247
99 136
99 800
99 408
99 718
99 1108
100 160
100 508
100 1056
100 167
100 847
100 482
101 1041
101 1175
101 610
101 742
102 493
102 518
102 1042
102 920
102 153
103 645
103 903
103 386
103 413
103 591
103 1114
103 510
103 1296
103 1033
103 1168
103 352
103 273
103 670
103 814
103 618
103 796
103 768
103 801
103 881
103 827
103 317
103 847
103 632
103 1059
103 456
103 734
103 429
103 1077
103 1298
103 1081
103 560
103 482
104 659
104 382
104 926
104 237
104 908
104 509
104 1198
104 776
104 1033
104 162
104 752
104 304
104 1158
104 881
104 968
104 207
104 298
104 456
104 1254
104 144
104 379
104 734
104 1312
104 932
104 1160
104 553
104 1340
104 649
105 165
105 818
105 856
106 1076
106 115
106 558
107 1194
107 1217
107 985
107 856
107 364
107 1246
107 535
107 988
107 443
107 1004
108 522
108 527
108 379
108 1334
108 941
108 274
108 1227
108 607
108 414
109 160
109 508
109 945
109 513
109 1224
109 1066
109 990
110 155
110 412
111 408
111 937
111 528
111 1024
111 644
111 1118
111 1183
111 962
111 948
112 706
112 262
112 366
112 244
112 427
112 931
112 328
112 887
112 609
113 1021
113 1114
113 733
113 1076
113 876
113 115
113 1059
114 1075
114 495
114 1096
114 841
115 954
115 1254
115 1059
115 1114
115 1076
115 876
115 1202
115 733
115 967
115 428
115 1021
115 548
116 216
116 1026
116 316
117 1323
118 360
118 199
119 603
120 1111
120 1129
120 550
120 1348
121 784
121 320
121 747
121 812
122 565
122 732
122 978
122 1332
122 138
122 411
122 996
123 891
123 1100
124 788
124 615
124 609
124 606
125 1102
125 670
126 903
126 670
126 351
127 612
127 175
127 813
127 594
127 794
127 571
127 1201
127 1098
127 1189
127 292
127 1297
127 494
127 845
127 755
127 386
127 1324
127 584
127 662
127 1092
127 1086
128 695
128 335
128 1196
128 825
129 1236
129 998
129 790
129 897
129 793
129 151
129 478
129 1292
129 346
129 706
129 1209
129 385
129 538
129 817
129 552
129 660
130 614
130 1286
130 428
130 1202
130 270
130 1208
130 277
131 1237
131 147
132 636
132 1179
132 1000
132 1295
132 1163
132 154
132 1185
134 659
134 689
134 1097
134 821
134 331
134 666
134 685
134 595
134 1200
134 405
134 1062
134 504
134 367
134 203
134 993
134 537
134 373
134 639
134 780
134 645
134 223
134 1279
134 449
134 746
134 478
135 632
135 540
136 1283
136 903
136 718
137 323
137 1270
138 190
138 565
138 732
138 978
138 1332
138 411
138 996
139 574
140 401
140 265
140 933
141 185
141 1183
141 383
141 962
141 995
142 912
142 1059
142 732
142 937
142 922
143 1078
144 1340
144 1160
144 881
144 162
145 397
145 1096
146 772
146 1096
147 1237
147 839
147 923
147 996
148 322
148 468
148 811
148 1008
148 424
148 334
148 251
148 453
149 589
149 445
149 825
150 161
150 851
150 347
151 897
151 346
151 538
151 1344
151 385
151 964
151 1272
152 974
152 1218
152 527
152 420
152 179
152 274
152 418
153 1042
153 920
153 797
153 459
153 865
154 1147
154 999
154 1346
154 1179
154 1000
154 1295
154 166
154 1163
154 1058
154 634
154 1185
155 994
156 1250
157 1031
157 570
158 458
159 393
159 1087
159 1177
159 519
159 507
159 562
159 414
159 954
159 176
159 1287
159 466
159 1024
159 477
159 1026
159 530
159 602
159 710
159 1043
159 1330
159 1230
159 300
159 712
159 729
159 977
159 816
159 1155
159 1159
159 228
159 825
159 359
159 1030
160 1066
160 321
160 596
160 508
160 945
160 1144
160 1253
160 1143
160 825
161 851
162 1254
162 954
162 981
162 643
162 698
162 1340
162 1160
162 881
162 1205
162 1208
163 187
163 1262
163 766
164 975
164 708
165 856
165 818
165 1246
165 849
165 211
165 1278
166 563
166 999
166 399
166 903
166 386
166 470
166 1109
166 442
166 861
166 214
166 272
166 1053
166 1002
166 699
166 440
166 794
166 1208
166 968
166 1058
166 545
166 722
166 406
166 731
166 1077
166 1152
167 508
167 825
167 1056
167 185
167 995
168 1020
168 236
168 903
168 723
168 214
168 189
169 520
169 1176
169 865
169 568
169 421
170 1254
170 1242
170 734
170 874
170 1202
170 881
170 776
170 428
171 613
171 724
171 197
171 1161
171 834
171 1211
172 374
172 1197
172 858
172 514
172 927
173 243
174 1059
175 813
175 1019
175 960
175 1297
175 1086
176 1155
176 519
176 1159
176 562
177 1169
177 313
178 853
179 291
179 274
179 974
179 547
180 191
180 813
180 1266
180 706
180 630
180 893
180 414
181 425
181 414
182 1252
182 498
183 1193
183 743
183 1178
183 1133
184 821
184 460
184 373
184 955
184 1229
185 566
185 383
185 1276
185 1112
185 508
185 1054
185 936
185 524
185 934
185 962
185 1183
185 1056
185 1329
185 629
185 825
185 1044
185 995
186 767
187 997
187 401
187 1262
187 933
187 508
187 464
187 265
187 991
187 766
187 1018
188 1024
188 365
188 200
189 1020
189 214
189 236
190 565
190 1135
190 1132
190 1332
190 646
190 996
191 559
191 813
191 1266
191 235
191 893
191 1039
192 321
192 1104
192 220
192 1187
192 847
192 335
192 1110
192 589
192 604
192 781
192 1196
192 596
192 266
192 858
192 514
192 990
192 770
192 1141
192 1183
192 447
192 372
192 492
192 245
192 904
192 962
192 910
192 309
193 975
193 384
194 955
194 262
194 366
194 706
194 887
194 373
195 924
196 1315
196 668
196 856
197 743
197 834
197 1235
198 531
199 360
200 1024
200 365
201 792
201 684
201 1154
201 256
201 1311
201 714
201 681
201 480
202 669
202 644
202 711
202 578
202 1172
202 585
202 1131
203 302
203 599
203 1200
203 1295
203 449
203 696
203 478
204 489
205 643
205 591
205 999
206 578
206 337
207 752
207 1254
207 881
207 1158
208 728
208 322
208 959
208 719
208 1008
208 336
209 502
209 1188
209 846
210 1326
211 256
211 856
211 508
211 1057
212 560
212 1335
213 1321
214 903
214 470
214 414
214 1120
214 1020
214 944
214 526
214 721
214 779
214 1049
214 879
214 982
214 723
214 454
214 406
214 545
214 236
214 410
214 741
215 403
215 937
216 349
216 1026
216 1293
216 903
216 249
217 1347
217 1245
218 883
219 576
220 695
220 847
220 1141
220 482
221 678
222 326
222 889
222 396
223 659
223 780
223 373
223 1229
224 1124
224 970
225 997
225 794
225 386
226 1254
226 258
226 299
226 529
226 1248
226 472
226 967
226 1059
226 1085
227 1316
227 362
227 1348
228 975
228 895
228 1177
228 477
228 530
228 928
228 334
229 521
229 503
229 509
229 419
229 1119
229 783
229 1212
229 1311
229 768
229 1308
229 714
229 881
229 635
229 1154
229 731
229 900
229 643
229 1340
229 1256
229 831
230 1262
230 705
230 568
230 940
230 290
230 342
231 1344
231 789
231 975
232 678
233 1259
233 968
233 414
234 1125
234 1280
234 1151
235 393
235 559
235 679
235 1039
236 1020
237 1312
237 509
237 734
237 881
237 382
237 932
237 926
237 1340
237 1033
237 298
237 1021
237 456
238 1076
238 471
238 648
238 337
239 489
240 752
241 1245
241 771
241 464
241 875
241 290
241 312
241 1172
241 947
241 1082
241 278
241 726
242 564
242 599
242 1325
242 560
242 575
243 1311
243 1302
243 1115
243 1212
243 1026
243 847
244 931
244 253
244 262
244 606
245 825
245 604
245 1183
245 447
245 1104
245 962
245 309
246 1076
246 1056
247 903
247 982
248 997
248 464
248 775
248 1226
249 903
249 1026
249 570
250 478
250 489
250 1185
251 1025
251 453
251 322
251 477
251 748
251 571
251 1008
251 1185
251 928
251 334
251 560
251 478
251 662
252 620
252 966
253 864
253 274
253 737
254 456
255 326
256 480
256 1311
256 681
256 684
257 616
257 805
257 420
257 274
257 547
258 1254
258 1202
259 1284
260 592
260 855
260 534
260 312
260 608
261 578
261 480
261 1273
262 931
262 706
262 873
262 664
262 328
262 671
262 427
262 334
262 887
262 430
262 366
262 609
263 436
263 537
264 371
264 276
264 362
264 1192
265 401
265 933
265 766
265 1262
266 910
266 392
266 904
267 670
267 572
267 578
267 1102
267 830
267 697
268 835
268 857
268 820
268 1004
268 1247
268 778
269 832
269 794
269 386
269 911
269 272
269 784
269 584
269 353
270 810
270 1254
270 617
270 1202
270 1158
270 967
270 428
270 1059
270 277
270 569
270 355
272 954
272 981
272 546
272 641
272 794
272 406
272 386
272 1205
272 296
272 584
272 999
272 1298
273 1254
273 1059
273 591
273 1168
274 1236
274 418
274 527
274 979
274 1095
274 599
274 420
274 974
274 291
274 385
274 407
274 805
274 547
274 1218
274 414
275 1302
276 615
276 362
276 1192
276 1235
277 1208
277 874
277 1202
277 402
277 428
278 947
279 557
279 555
279 1311
279 363
280 862
280 946
281 1008
281 378
282 840
282 815
283 1310
283 1097
283 993
284 1320
285 368
285 1267
286 1076
287 1252
287 1213
288 517
288 693
289 1313
289 828
289 1153
290 597
290 771
290 568
290 464
290 342
290 312
290 1250
290 1172
290 657
290 705
291 1236
291 974
291 385
291 547
292 1137
292 917
292 671
292 1273
292 957
292 414
292 594
292 1297
292 525
292 937
292 877
292 459
292 755
292 1327
292 895
292 813
292 1159
292 823
292 1201
292 388
292 1084
292 658
293 765
294 397
294 906
294 750
294 725
294 1164
295 813
295 937
295 1063
295 332
295 710
295 1327
296 954
296 546
296 1076
296 643
296 428
296 330
296 1158
296 1298
297 912
298 1254
298 1312
298 382
298 926
298 881
299 529
299 1248
299 1085
300 816
300 1043
300 1030
301 348
301 854
301 1023
302 478
302 749
302 599
302 1295
303 787
304 1154
304 1311
304 900
304 881
304 968
304 1310
305 621
305 398
306 614
306 1033
306 1298
306 428
307 1246
308 798
308 1093
308 456
308 831
309 825
309 604
309 447
309 962
310 1006
310 893
310 957
310 1159
311 1314
311 1004
311 754
312 1193
312 1092
312 773
312 771
312 568
312 464
312 505
312 467
312 431
312 1034
312 802
312 1172
312 520
312 592
312 1342
314 1184
314 543
314 958
314 1142
315 642
316 1231
316 1223
316 1026
316 1127
317 577
317 801
317 768
318 582
319 815
319 1299
319 344
320 784
321 596
321 825
321 516
321 1144
321 1253
321 1143
321 372
322 1087
322 662
322 571
322 719
322 1008
322 928
322 334
322 336
322 1185
322 935
322 477
322 605
322 959
322 1138
322 453
322 1025
322 728
322 748
322 842
322 560
322 478
323 1270
324 902
324 1264
324 760
325 757
325 1244
325 853
326 396
326 441
326 1318
326 889
326 1124
326 443
326 1004
326 951
327 701
327 894
328 706
328 660
328 1292
328 366
328 624
328 887
328 850
329 739
329 493
329 813
330 954
330 1054
331 666
331 373
331 639
331 689
332 1063
332 937
332 710
333 1254
333 376
333 466
333 644
333 1310
333 679
334 892
334 975
334 873
334 706
334 1008
334 453
334 895
335 589
335 1196
335 1026
335 840
335 904
335 965
335 1187
335 847
335 1256
335 1110
335 770
335 825
336 1008
336 719
336 959
337 1076
337 1268
337 578
337 471
337 648
338 930
338 509
338 862
338 500
339 340
339 1341
340 1341
341 1131
341 585
341 711
341 669
342 705
342 568
342 437
342 573
342 421
342 958
343 554
343 461
343 1096
343 996
344 891
344 597
344 657
345 1338
345 1017
345 1305
345 1261
346 675
346 385
346 897
347 1298
347 768
348 854
348 1023
349 456
349 831
350 1257
350 878
350 925
350 867
351 670
351 643
351 1026
351 903
351 982
351 721
352 560
352 508
352 1070
352 644
352 859
352 880
352 1077
352 1033
352 909
352 1029
352 1014
352 647
352 469
352 1170
352 952
353 832
353 668
353 386
353 911
353 784
353 1257
354 1291
354 871
354 1301
355 1254
355 698
355 1158
355 1202
355 428
356 1134
356 782
356 485
356 404
357 385
357 662
357 1189
358 1081
358 691
358 511
358 579
358 710
359 602
361 795
361 499
361 1323
361 1140
362 1192
362 1316
364 988
365 1024
366 955
366 706
366 887
366 866
366 373
367 504
367 373
368 1267
369 1117
369 1136
370 501
370 536
370 486
371 1288
371 1206
371 760
372 596
372 516
372 1144
372 825
372 1143
373 659
373 689
373 1064
373 987
373 666
373 639
373 955
373 706
373 1229
373 504
373 444
373 1062
373 460
373 780
373 821
373 654
374 927
374 514
374 1197
375 414
376 466
376 451
376 784
376 679
376 414
377 1093
377 456
377 831
378 1008
379 1334
379 553
379 881
379 414
380 1306
380 661
380 619
381 715
381 996
381 1012
382 1254
382 1312
382 926
382 881
383 1054
383 1183
383 995
383 962
384 612
384 1326
384 975
385 1236
385 974
385 813
385 897
385 477
385 675
385 1318
385 1272
385 538
385 1010
385 662
386 997
386 915
386 1098
386 1073
386 494
386 911
386 845
386 584
386 1109
386 413
386 791
386 627
386 832
386 784
386 1038
386 682
386 794
386 632
386 1059
386 712
386 1328
386 1081
386 655
387 441
388 813
388 877
388 1297
388 1201
388 658
389 997
389 1195
389 464
389 1026
389 1246
389 840
390 1339
391 1011
391 807
391 738
391 852
391 980
392 408
392 517
392 528
392 1132
392 904
392 514
392 499
393 1134
393 954
393 712
393 729
393 1024
393 1026
393 1246
393 1076
393 493
393 898
393 826
394 1096
395 973
396 889
397 1096
397 750
398 621
399 1053
399 1002
399 1077
399 563
400 1076
400 748
400 560
401 933
401 1262
401 766
402 874
402 1202
403 937
404 1134
404 782
404 485
405 1199
405 493
405 1080
405 588
406 903
406 999
406 470
407 974
408 1139
408 528
408 697
408 1132
408 572
408 693
408 903
408 1046
408 948
408 644
409 644
410 1049
410 1120
410 879
410 526
410 454
411 565
411 978
411 1332
411 996
413 1081
413 632
414 1259
414 1089
414 1266
414 706
414 661
414 1113
414 506
414 508
414 532
414 1297
414 422
414 425
414 1072
414 1040
414 763
414 527
414 619
414 825
414 1303
414 982
414 968
414 1326
414 893
414 823
414 650
414 1317
414 630
415 481
415 796
416 949
416 620
416 595
417 655
417 1060
417 578
418 1218
419 714
419 1154
419 1311
419 900
420 527
420 805
420 547
421 568
421 437
422 532
422 1072
423 543
424 811
424 1008
424 468
426 1077
427 616
427 1074
427 475
427 479
427 609
427 1025
428 981
428 874
428 1009
428 954
428 617
428 1202
428 1208
428 810
428 614
428 1047
428 1158
428 967
428 1059
428 1254
428 1298
428 548
429 814
429 510
429 591
429 1243
430 1008
430 663
431 771
431 568
431 773
431 1034
431 535
431 1342
432 623
433 462
434 480
434 1122
435 455
436 1184
436 1101
436 466
437 771
437 568
437 464
437 802
437 1172
437 505
438 713
438 1003
439 1300
440 1152
440 861
440 722
441 624
441 1032
441 1318
442 968
442 469
443 736
443 495
443 1004
443 1294
443 906
443 554
443 1184
443 1164
443 678
443 656
443 725
443 1079
444 1062
444 666
445 589
445 825
446 543
446 1126
446 938
447 825
447 604
447 1183
447 1104
447 962
448 636
448 1162
448 1311
449 645
449 1200
449 1097
449 993
449 478
450 508
450 965
450 1285
450 825
452 1184
452 1126
452 1274
453 1008
454 1049
454 1120
454 879
454 526
456 972
456 1088
456 881
456 1093
456 847
456 831
457 1195
457 537
459 525
459 813
459 797
459 865
459 1084
460 821
460 955
460 1229
461 996
463 1199
463 464
463 743
463 493
463 588
463 1235
464 997
464 1262
464 568
464 1199
464 840
464 493
464 766
464 1092
464 588
464 771
464 1026
464 520
464 775
464 1036
464 1226
464 1172
464 637
464 480
464 991
465 688
466 712
466 543
466 1330
466 1026
466 1184
466 1101
466 1287
466 750
466 808
466 679
468 811
468 1008
469 1077
469 1029
469 647
470 903
470 545
471 1076
471 648
472 1059
472 474
472 967
473 1181
475 479
475 616
476 882
476 1171
477 813
477 928
477 530
477 1177
477 842
477 605
478 665
478 571
478 667
478 575
478 749
478 1185
478 928
478 1218
478 935
478 662
478 1015
478 599
478 1200
478 1295
478 836
478 1275
478 696
478 552
478 1282
478 793
478 1025
478 931
478 748
478 989
478 560
479 616
480 637
480 588
480 1311
480 578
480 803
480 1122
480 493
480 681
480 1036
480 684
480 1092
481 796
482 1141
482 1033
482 1056
482 695
482 847
483 1193
483 672
483 1065
484 1233
484 925
485 1134
485 782
486 501
486 536
487 700
488 578
488 1157
490 730
490 1311
491 1128
492 751
492 683
492 990
492 781
493 997
493 1199
493 680
493 588
493 1024
493 1231
493 1026
493 1028
493 568
493 784
493 950
493 518
493 803
493 813
493 991
493 1337
493 1080
494 612
494 1098
494 845
494 1324
494 813
495 736
495 841
495 1075
495 1096
496 1123
496 1211
496 638
497 709
499 517
499 795
500 1254
500 862
500 1238
500 1027
501 536
502 1188
502 846
503 752
503 1311
503 792
503 1308
503 714
504 666
505 802
505 1172
506 511
506 710
507 816
507 602
507 1030
508 1262
508 766
508 1018
508 1317
508 596
508 858
508 514
508 945
508 927
508 990
508 982
508 1144
508 1056
508 968
508 847
508 1066
508 813
508 644
508 909
508 825
508 910
509 1256
509 1311
509 707
509 881
509 1212
509 1340
509 932
509 1033
509 862
509 930
509 586
509 521
509 831
510 801
510 796
510 618
511 710
512 1147
512 634
512 1346
512 1149
513 565
513 1332
513 715
513 1224
513 990
513 996
514 1001
514 1132
514 1197
514 858
514 927
515 1094
516 1143
516 596
516 825
517 693
519 1087
519 1155
519 1159
519 562
520 1176
520 568
520 1083
520 865
521 1311
521 1212
521 1340
521 881
521 1256
521 831
522 607
522 1334
522 1227
523 1062
524 1112
524 566
525 813
525 1071
525 1035
525 1122
525 1084
526 1049
526 1120
526 879
527 599
528 1139
528 1046
528 1132
528 572
528 697
528 903
528 948
528 693
528 644
529 1248
529 1085
530 1177
530 1156
530 928
532 763
532 1326
533 958
533 1307
534 1122
535 1246
538 675
538 1010
538 1300
539 713
540 632
540 758
541 992
541 789
542 1273
542 1001
543 938
543 1142
544 801
545 903
546 954
546 981
546 643
546 1158
546 1298
547 979
547 1095
547 974
547 805
548 1254
548 967
548 1059
549 631
549 1252
550 1111
550 1129
550 1348
551 1277
552 599
552 575
553 954
553 1254
553 1202
553 881
554 1005
554 1101
554 1184
554 1096
555 1174
555 1311
555 557
555 644
555 825
555 1310
556 937
556 694
557 1311
558 1076
559 1039
560 571
560 1310
560 1185
560 599
560 859
560 1033
560 1325
560 880
560 1070
560 748
560 645
560 737
560 662
560 1170
561 837
561 776
562 1155
562 1159
563 1053
563 1002
563 1077
564 1344
564 599
564 575
564 1325
565 732
565 978
565 1132
565 1332
565 715
565 745
565 996
566 1112
567 784
567 1073
568 705
568 1092
568 773
568 784
568 657
568 1342
568 771
569 810
569 1248
569 1242
569 967
569 1059
570 976
570 1016
570 815
570 709
570 1220
570 1026
570 840
570 1031
570 983
570 1092
571 748
571 662
571 1189
571 1008
571 1185
572 1046
572 578
572 697
572 693
573 958
575 636
575 599
575 1319
575 1344
576 1216
576 703
578 1102
578 830
578 697
578 670
578 1046
578 1172
578 633
578 1060
578 655
578 732
578 815
578 644
578 1157
578 1273
578 912
579 1081
579 710
579 691
579 1208
580 1124
581 1180
583 939
583 1150
584 794
585 669
585 686
585 711
585 1131
586 881
586 1340
586 1311
587 1148
587 685
588 997
588 637
588 1199
588 991
588 1028
588 1080
589 1026
589 840
589 825
589 904
590 1288
590 1305
590 760
591 814
591 643
591 1168
591 1059
592 855
592 608
593 1076
593 1026
593 1016
593 840
594 1201
594 671
594 1297
594 755
594 1327
594 813
595 620
595 685
595 949
596 782
596 825
596 1144
596 1253
596 1143
596 982
597 657
598 674
598 1128
599 1325
599 1295
599 1344
600 692
600 914
600 1182
601 735
604 962
604 825
605 1156
605 842
606 609
607 1334
608 855
609 706
610 742
611 1288
611 760
611 804
611 676
612 636
612 767
612 1222
612 1098
612 759
612 845
612 1324
612 1326
612 813
613 834
614 918
614 1202
614 1033
614 1298
615 788
617 1254
617 1059
617 1202
618 878
618 925
618 801
618 1298
618 1252
618 867
619 661
620 949
620 966
621 916
622 1090
624 706
625 950
625 1092
625 1199
626 972
626 732
626 847
626 1191
626 890
627 682
627 794
627 915
627 832
628 896
629 934
629 1044
629 1329
629 936
630 1266
630 1292
630 706
630 887
630 893
630 817
631 1252
632 1081
633 1046
633 1060
633 912
633 732
634 1147
634 1346
634 1149
635 1119
635 783
635 1212
635 1311
636 767
636 759
636 1210
639 666
639 689
640 739
640 1232
641 954
643 954
643 903
643 1311
643 698
643 1026
643 981
643 1119
643 1158
643 881
643 1254
643 731
644 843
644 1013
644 1310
644 1024
644 948
644 1172
644 984
644 1234
644 909
644 824
644 647
645 1097
645 1033
645 993
646 1024
646 1132
646 1135
647 1013
647 1077
647 1029
647 1234
648 1076
649 659
649 756
649 881
649 1340
652 662
653 770
653 702
653 737
653 1085
654 987
654 1219
654 905
655 791
655 1073
655 1328
655 784
655 1060
656 1294
656 1079
657 1250
658 895
658 877
658 1297
658 1201
658 813
659 780
659 881
660 998
660 850
660 793
660 664
660 1292
660 706
660 1033
660 893
662 748
662 1008
662 1189
662 1185
662 929
662 1344
663 1166
664 671
664 1292
665 1015
665 1218
665 1185
666 780
666 746
666 831
667 1282
667 1295
667 749
667 1275
667 931
668 856
668 1257
668 1315
669 686
669 711
669 1131
670 768
670 903
670 1204
670 744
670 1102
670 830
671 1222
671 764
671 755
671 1061
671 813
672 1065
673 954
673 981
674 1128
675 1010
676 786
676 760
677 1076
677 733
680 1199
681 684
681 1311
682 794
682 915
683 751
683 781
683 990
684 1311
685 1148
685 850
686 1131
686 711
687 1231
690 759
691 1081
691 1208
691 710
692 914
692 1182
693 1046
693 697
694 958
694 937
695 1141
695 847
696 1166
696 1200
697 1046
698 1254
698 1158
698 881
701 894
702 1105
702 737
702 1085
704 706
705 1262
705 940
706 998
706 1266
706 850
706 887
706 1292
706 955
706 793
706 893
706 873
706 817
707 1139
707 1311
707 862
707 930
707 824
708 1008
708 975
708 895
709 1092
710 1287
710 937
710 1330
710 1063
710 1081
711 1131
712 1287
712 1026
712 1330
712 1162
713 1003
714 752
714 1154
714 1311
714 792
714 900
714 1116
715 1332
715 1012
715 996
716 1241
717 1052
717 956
718 903
719 1008
719 959
720 860
721 903
721 982
721 1020
722 861
722 1152
723 779
723 982
723 903
723 944
723 741
724 1161
724 1211
725 906
725 1164
726 1245
727 899
727 813
728 959
729 1024
729 954
730 1311
731 1119
731 1311
731 1026
732 972
732 1332
732 890
732 847
732 745
732 912
732 1060
732 996
733 1076
733 876
733 1021
733 806
734 1254
734 1340
734 776
734 881
734 1114
734 1021
734 1059
737 1015
737 864
737 1085
738 1042
738 1199
738 856
738 980
739 1232
740 1037
741 903
741 944
741 779
742 838
743 1265
743 1172
743 834
743 1235
744 830
745 978
745 1332
746 780
746 907
747 784
747 812
747 791
747 799
748 1185
749 1295
751 781
751 990
752 1254
752 1311
752 1158
752 881
753 1173
754 1314
755 1137
755 813
755 1201
755 1297
755 1131
755 1327
755 1086
756 881
756 1033
756 878
757 853
759 767
760 1203
760 1288
760 902
760 786
760 804
760 1264
761 819
761 1190
761 1004
761 809
762 971
763 1326
764 1222
764 1335
764 1061
766 997
766 1262
766 933
766 991
766 1018
767 833
767 963
768 1298
768 888
769 1069
771 1193
771 1034
771 1172
771 773
771 1342
772 1096
773 1342
774 917
774 937
774 1271
775 997
775 894
775 1289
776 1254
776 837
776 1116
776 908
776 881
776 863
778 857
778 820
778 1247
779 903
779 944
781 990
782 1134
782 1144
782 1143
783 1311
783 1119
783 1212
784 1199
784 1073
784 911
784 832
784 1245
784 791
784 794
784 812
784 1328
785 833
785 963
788 1321
789 992
789 975
790 1209
791 1193
791 812
791 799
791 1073
791 1328
791 1336
792 1154
792 1311
792 1116
793 998
793 1292
793 1318
793 1275
793 1209
794 1109
794 911
794 997
794 915
794 832
795 1140
795 1323
796 801
796 1255
797 865
797 813
798 831
799 812
800 903
800 921
800 1108
802 1172
804 1288
806 882
810 1202
810 1248
810 1242
810 967
810 1059
811 1008
813 1137
813 1019
813 1266
813 1098
813 845
813 1118
813 1201
813 1297
813 893
813 1324
813 937
813 877
813 960
813 1327
813 1131
813 899
813 1084
813 1086
814 1243
815 1263
815 1001
815 1333
815 840
815 1345
815 1036
815 942
815 1299
815 1093
815 829
816 1043
816 1030
817 998
817 1292
817 887
818 1082
818 856
819 1190
819 1004
820 1247
820 857
821 955
821 1279
822 1008
823 1297
824 1139
824 843
824 984
825 1187
825 847
825 1196
825 1311
825 1050
825 1056
825 965
825 962
825 1143
825 1256
826 1134
827 1168
828 1313
828 1153
829 942
829 1263
830 1102
831 1256
831 1048
831 1246
831 1212
831 1340
831 1311
831 881
831 1093
832 915
832 911
833 963
834 1235
835 857
835 1247
838 1175
839 958
839 923
839 996
840 997
840 1026
840 1016
840 978
840 1332
840 904
840 1093
840 1146
840 886
841 1075
841 1096
843 984
843 1258
844 1319
844 1269
845 1098
845 1324
846 1188
847 1088
847 1187
847 972
847 1026
847 1033
847 1285
847 1141
847 1056
847 890
847 965
848 1203
849 1278
849 1246
850 1292
851 1004
852 1011
853 993
853 1165
853 1225
853 1207
853 1244
853 1121
854 1023
856 1315
856 1057
856 1082
857 1247
858 1197
859 1033
859 1170
861 1152
862 946
862 930
864 1015
864 975
865 1176
865 1042
865 920
866 943
867 878
867 925
867 1298
868 1256
868 1140
869 1242
869 1254
869 919
870 1309
870 1322
871 1115
872 1115
874 1202
874 1208
876 1021
876 1114
876 1076
876 1059
877 1297
877 1201
878 925
878 1033
878 1298
879 1049
879 1120
880 1033
881 1340
881 1312
881 926
881 908
881 1198
881 1033
881 900
881 1311
881 1158
881 1114
881 1059
881 1254
881 1021
881 1154
881 932
881 1160
882 1171
885 1162
885 1136
885 1311
886 978
886 1332
886 904
887 1292
889 951
890 972
891 1100
892 975
893 1266
893 1006
893 1292
893 1033
893 957
894 997
894 1289
895 975
895 1297
895 1008
897 1236
897 964
897 1344
897 1272
900 1154
900 1311
900 1212
901 942
902 1203
902 942
902 1264
903 921
903 1283
903 1016
903 1108
903 1026
903 944
903 1296
903 982
903 1298
904 1332
904 978
904 1026
904 910
905 1219
906 1315
906 1164
907 1347
908 1254
910 1056
912 1060
913 1256
914 1182
915 1167
917 957
917 937
917 1159
917 1273
918 1047
918 1208
919 1254
920 1042
921 1108
922 1045
922 1059
922 937
923 996
925 1257
925 1298
926 1254
926 1312
927 1197
927 1018
928 935
928 1025
929 1344
931 1282
931 1275
932 1198
932 1033
933 1262
934 1329
934 1044
934 936
935 1025
935 1295
936 1329
936 1044
937 1019
937 1273
937 1063
937 958
937 1118
937 1297
937 957
937 1059
937 1327
937 1159
938 996
939 1150
940 1262
945 1066
950 1092
951 1124
951 1239
952 1014
952 1033
953 1228
954 981
954 1106
954 1024
954 1054
954 1202
954 1205
954 1158
954 1254
954 1298
956 1052
957 1006
957 1159
957 1273
958 1142
958 1184
958 1096
958 1307
961 1026
962 1183
962 1343
962 1104
962 1007
962 995
964 1344
964 1272
965 972
965 1285
967 1254
967 1059
968 1317
969 1101
969 1184
969 1142
969 1281
970 1124
972 1088
972 1285
972 1191
974 1095
975 1222
975 1008
975 1344
977 1230
978 1332
978 996
981 1205
982 1144
983 1231
986 1326
989 1295
990 1317
990 1196
990 1224
990 1187
990 1018
991 997
991 1262
993 1097
993 1310
993 1165
995 1183
996 1012
996 1332
996 1132
996 1240
997 1262
997 1289
997 1026
997 1149
997 1226
998 1292
998 1209
999 1077
999 1058
1000 1179
1000 1295
1000 1163
1000 1185
1001 1193
1001 1273
1002 1053
1002 1077
1004 1247
1004 1190
1005 1184
1005 1101
1006 1159
1007 1343
1008 1061
1009 1298
1013 1234
1015 1185
1016 1026
1017 1338
1017 1261
1017 1305
1018 1262
1019 1086
1019 1297
1021 1340
1021 1114
1021 1059
1024 1026
1024 1122
1026 1220
1026 1287
1026 1330
1026 1076
1027 1254
1028 1231
1029 1077
1030 1043
1033 1292
1033 1070
1033 1298
1033 1170
1034 1193
1034 1172
1035 1193
1035 1122
1036 1333
1036 1092
1037 1282
1042 1199
1044 1329
1046 1060
1047 1208
1047 1202
1048 1217
1048 1246
1048 1194
1049 1120
1051 1130
1053 1077
1055 1219
1055 1107
1056 1076
1059 1114
1059 1202
1059 1168
1059 1254
1059 1242
1059 1248
1059 1298
1061 1222
1064 1274
1065 1310
1067 1241
1068 1222
1073 1245
1073 1328
1075 1096
1076 1246
1080 1199
1085 1248
1086 1297
1087 1155
1087 1138
1088 1302
1089 1303
1091 1308
1091 1311
1095 1162
1096 1307
1097 1310
1098 1324
1101 1184
1103 1252
1104 1183
1110 1196
1111 1129
1111 1348
1112 1276
1113 1259
1113 1304
1116 1311
1119 1311
1119 1212
1121 1225
1121 1165
1121 1207
1123 1211
1125 1280
1125 1151
1126 1184
1127 1231
1127 1223
1131 1327
1132 1135
1132 1332
1133 1178
1133 1193
1136 1162
1136 1311
1137 1297
1137 1327
1140 1323
1142 1184
1142 1281
1143 1144
1143 1253
1144 1253
1147 1346
1147 1149
1151 1280
1153 1313
1154 1311
1155 1159
1158 1254
1158 1202
1159 1273
1160 1340
1161 1211
1162 1282
1162 1311
1163 1179
1163 1295
1163 1185
1165 1225
1166 1249
1169 1290
1172 1193
1177 1230
1178 1193
1179 1295
1179 1185
1180 1330
1182 1186
1185 1295
1193 1336
1194 1217
1194 1246
1195 1246
1201 1297
1202 1208
1202 1254
1202 1242
1202 1298
1209 1236
1209 1292
1212 1311
1212 1256
1213 1252
1217 1246
1221 1260
1223 1231
1225 1244
1227 1334
1236 1272
1242 1254
1242 1248
1245 1328
1246 1324
1246 1278
1250 1271
1251 1279
1254 1312
1256 1311
1260 1292
1261 1338
1269 1319
1272 1344
1275 1282
1287 1330
1291 1301
1296 1298
1297 1327
1308 1311
1309 1322
1311 1340
