180 208
0 154
1 129
2 74
3 161
3 109
4 67
4 176
5 48
5 147
5 178
6 56
6 74
6 42
7 168
8 39
9 90
9 93
10 143
11 171
11 71
11 76
12 141
12 179
12 61
13 142
13 78
14 155
14 75
15 178
15 68
16 51
16 131
16 58
16 96
16 106
16 177
17 39
18 162
19 149
19 110
19 24
20 134
21 102
22 149
23 28
24 149
25 168
26 44
26 136
27 140
27 89
27 169
28 119
29 91
30 50
31 153
31 127
32 172
33 80
33 66
33 124
34 133
35 167
36 103
37 72
38 88
39 121
39 148
39 114
39 158
39 138
39 104
40 65
41 101
42 56
43 170
44 136
45 54
45 173
45 122
46 55
46 97
46 164
47 66
47 103
47 175
47 64
48 178
48 147
49 137
49 138
49 123
49 159
51 131
51 96
51 125
52 126
52 65
53 79
53 169
54 173
54 122
55 164
55 97
57 98
58 131
58 96
58 177
58 106
58 73
59 69
59 160
60 135
60 144
61 179
62 116
62 171
62 120
63 117
64 66
64 103
64 175
65 126
65 70
65 115
66 124
66 113
66 78
66 80
66 103
66 175
67 176
68 178
69 160
70 115
72 168
72 92
72 165
73 96
73 177
75 155
77 118
78 113
78 142
78 80
79 169
80 113
81 174
81 169
82 166
82 105
83 111
83 91
84 156
85 108
86 151
86 100
87 110
88 99
88 109
89 140
89 169
89 163
90 93
91 111
92 168
92 165
94 139
95 140
96 131
96 177
96 106
97 164
99 109
100 151
103 131
103 175
104 114
105 166
106 131
106 177
107 130
112 146
114 158
120 171
121 148
122 173
123 137
123 138
123 159
128 174
128 132
128 169
131 177
131 174
132 174
132 169
137 138
137 159
138 158
138 159
140 169
145 147
147 178
150 157
152 162
165 168
169 174
